4310000320004320000032100043000030303001000103030300100010302030134013400130002200200024001340130000000332110003004033311000002103103000020420330300002042040020003002400300300140100040120023230040044044044001004404400400400431030002043002034104200200340132
2003004020040202200402014024020000122344000000042234400000031240003100030042100110043100300032000101404040203013140404020104012240002340001330021220000124000113330000022000042400002213024210222020300000010203040000001030304003233113241324342040204120222020
0000040422111002004042221000000403003001020420400200103041041002002401400300200440140040130030020000004444440000004444440000001131030002043002024104100300310300200300402014020020040301401002231023244000000104234400000001123300410002100213012004310021003222
0101410040302012141004020202014100002240000142000130000124000144431000032000043200003100004200003030400443040202040010102020200202400240013001320130001300024002000003012221100000003222110000220312220304021242000102324400023000310342000232004221033214022202
3030300100010303030010001030203003103000020420110300002042040043310300020430020041042002003103130031000300421004400431003000323033000002200004210000221004421003000004042211403030404222100030340000004444440000004444440000004210232443303031022344000000314233
0000224300034400013000012400012002400240013001300130001330324002003401430300300340240130120020001402014030040100201433302010020102010403403030201010040303020104302040014101030333303010202030400100230003002041030410204103002331041002003003132004104200200300
0044030200421302200030002000320333100003110003300330111000330000000004443321130003443232110000020044004400440044004430240044004410232440000303113133400000102232000122400013400001200031034001230200124001330124013203230013401100200240130030020024013033302002
1403010023120240201000034020020402004000402030100010030303313100303040030301020203041413233030430410200102002030030400300104400020031304042003003000204203340303003200021002100320002100210032303413034320000420000432100040030003303423020140303024231240303000
1340134001300022002000240013401331030002043002004104200200310313400023400013300012200001240001130300300102042040020010304104103010232440000001022344000000011233303040014001021304001010202020304040404044040404040404040404404002010100403030311010040303020101
0000044423110000000442311000000014020040301401012004030140140200331000031100033000003110003300000034014014002014001401400200300100320003000210032000200421004200020012400130013001340023001340132004010300310310310111040132031020002341010430000134000024400112
0410200102002030030400300104102001223440000001113240400000011233202040010001030304040410202020300400404044040414404040040404404002010100403020100404030303020101000000442311001000403322100000042003010030140200301002003014020142100043110043400004320000331000
0024020014002002002001300200300200410043000210141004300022004100130002000130013400200013002340033104104204300320410420430031032040011240000344001124000134400112031020010200203102001020010310401113334000000111233400000002143433303001000103020300141020302040
0000000332110003004033311000002100310003004210044004310030003230030030010204204002001030410410300101410040302020141004020202014400340140030030034324013012002000000112400013440002300000230001420000444000044440004444000044400333100003110003300000311000330000
3004000100200210340020030020030320203001000102030404040020302030140301002014024020100200402002041240034001400120003400140012001301223440000001013240400000011231000004432221100000444332100000000042004310420014110431042000420034003000030010411200002001031040
0401400030203011001404033202324300243200440020120020013002003002400123400013440012340001334001200400404004040440404004040040404433100043200044300000311000422003310410410420031041041043003103103030300100010302030014102030204310020000300402403014030130100201
1340120002400120303000230013001100122300000000012230000000011223000000432321000000444331100000020042004300021003200021003100413003102040020010413304202001040033020101003020202020100302020102312334040003013004402401401203330110040230304310003204303113203113
0310300002042033030000204204002033000002200004210000221004421003102324400000010223440000000112330034014003003003432401301200200030204001410103030300001020203040004100020042100420003000200032000044004400440044004400440044004402001240013001340134002300114310
0200400040203010001003030301010020031001042003003000204200343322000004432221100000444332100000004000124000134010012400003203012020030100301402003010020030140201041030010300234103001033000440023200004310010431000021010433100031233444000001133234400300122220
0024020003003003401002400200300130333001000103020300141020300012004200431042100310002000210041000044004400440004000440044004400102000300024001240124001400134013020100003030201024000303030132132103104204300300410010420021042000000043322003130004432211000002
4001220000133000022400013340011324020000300200402010030130243223040020410300103103001020420310304210004114034432000431100433100201123304030004123044430003112233002002031301200200100240120023212030404102020002010011201230323003300040020012001201330233023100
0030024003003001401000401200232300000404221140303040422210003034303040014001021304001010202020300001124000134400023000002300014200410002004210042000300020003200240200002004004323000300402432234004004044044040040040440440400204102004323000300304003001341020
0240024301300322032400130002400032000042110043210004221034131000010140033020301000140403020202430113244000000011324430303011223334041040043003202104004330313323002400003300300320403240020030010310044322112010010042214000310410304300210103030320244040403000
4300220000032200122000011300311100420343300210132330010031004100140300002014040223200201302002000000000444444000000024244440000004103040020303420002203001030033020003000240022401240044301300034210004311034424000234100433100302000040303030101014040332310241
1122240003033044133403030012122220030041042002003104104200110420002002430101300400240133110020000000040423211000000033312100003023203341410233333400001010200033300122000022301011200002240001442334020200432000100030042203340034020320003331401000333120003401
0040044044044001004404400400400400000044444400000044444400000042404040404404040404040404040440400000444000044440004444000044400300440044004400440044004400440044400400404404404004004044044040024444444442444240030003000300030004004040440404044040400404044040
4440044400044000440004440044400044400424034440004400444004243014040040400404044040400404004040444444444444444400444444400000000040040440440400404404004044044040004400240044034000044004403420240004444000404400044000014441000410404004000000040404004040000040
0000000444444000000044444440000000400430440440440440040040342014440440040044004004404400400440444444400000044404000004444440000004040404040404004040404040404040444400304444000044440000442430244400440044044004400440044004400404404404404004104004004044044044
0000000000004444444444440000000040400434040040404004040400202010000444004240034043044200024403040044400444004410044004440044400440440404434042000240434402044040000000300000000000000000003003200440400401404204014042040100424442034200044004400440044400440044
3103000204300203410420020034013210232443303031022344000000314233020101004030303110100403030201013310000311000330000031100033000002001240013001340134002300114310041020043230003003040030013410200400404044040404404040040404404023030400301402103010020030140201
0341034300004314400410000203210040011240000344001124000134400112333033010001331233004410003000400000004403111000000433221100000403300000443130122014313033031002210310423430030041001042002104200033330110101032224040000013133132104040402020213404040202020210
4210004341302423000431100431100013001300013001240030002400224002041030410200104003002030420310204400440044044004400440044004400420030040104331403024020140120202004100020043100410002100310041000001230000123400123000012340012420303040010202020404101020303040
0000000303013000004443222003000000300140240130024020013004003401330313010430021032001043003134104123144430003132123420003012221304004140200010101414040303323141121030021100043200002110044211303300124001400231002000240011431323100001020420100204204001031030
2003004020040202200402014024020000002243000344000130000124000120000004442311000000044231100000003004000100200210340020030020030302004000402030100010030303010100024002430130032203240013000240004440044400044000440004440044400003410343000043144004100002032100
2020400000010303040000202030304000300100030020024024024003002001001223000000000122300000000112234310004010000430000032100230100204003044020010410304103002031020240203033004024020100304330402230001120100034400023000033301011220000204321010000000432411100002
2003004404200200310410420031042001040340402030201010030302320112030012000230013001200023001340124040040404004000400404040040404200420001000310041000200021003100202030400202030303040410201040120030014024013002402001300400340111133340000004342334000000021240
4210000020000331000022000033100004003002030223310200104000341002200200403003000133140100331012014000124300103410123000023400001000000442321110000044343111100000210310010020021041001042002004300200000040202210211401040001030000030000013203220222021002100002
0012234400000004223440000003124002400240013001300130001330324002140200403014010120040301401402002020300100010203040404002030203020031001042003003000204200343322320000421100432100042210341310004440042403444000440044400424301440011240000344001124000134400112
0030010003002002402402400300200101004130302030101400030300340220031020400200104103042020010400300041004300020003200001341100310000000444231010000044423114030004011233040000011112242000001122330300020001400130012000130123001440130100201301003044222010440222
2020304141020103040000101323203021040041043002104434404300210410330000022000422403043110043310004044040440404404044020240404404040002240002042020432000221030114003402402301200200100120340034020100414040233012141202030302014103102001030410300304203031341020
0342030300011001100023033103111000000444301140103044143111400000031331240300012422300003041142443240434004403134313430243013404314023130200302002014030110441402202030010201020204001410102040214003201102300312310410421044022002002042100043420000421000432100
0031000300421001100431003000320000340143030030034024013012002000331000031100033000003110003300001403010020140240201002004020020400000443222110000044433210000000010140033020301000140403020202430400404004040440404004040040404433303301000133123300441000300040
0012230000000001223000000001122303102040020010410304202001040030400122000013300002240001334001132004104100300310310020420030042013001303013001240030002400224002003200430003100410043100113031200034014104012003402001411201200213000002110044320000310010422000
1402004320030140302003014020040100000003232100000044432200300020020141403020302024140302020101004400440004400400044004440044004430304004020203030400102020304041111234440000011133340300303222040310300102042040020420400103103000002340001240101224000133400014
3104100000300111400023031041022002000200013001200020001303430022003200430043230423043304440044100030020014002012001402301301300232000040100043220000421000432100200202002014010040100200204014210000044423120200020440312210020000040340303020201004140402020101
0101404040203013140404020104012214020140300401002014333020100201003401401400201400140140020030011240034001400120003400140012001340001240001340100124000032030120011324400000001132443030301122334444444444444400444444400000000000000044031110000004332211000004
4310004010000430000032100230100200410043000200032000013411003100200410410030031031002042003004200400304102002041020010304104003030204041000202030300022313302040010100404030202014000402030101011012110030140200302004014110030330400100030130030014024002002022
1200034002300130003403120314401240001240001234000124000123000124011324400000002132440000001122434444444400000004444444400000000403000343302100000004442044003000431000432100244230044210043321000341034213432004100421042200210020040002042032102100004210300410
0200330101041040020040212104402010202001210133123300442010303030010101003030301010100303030201014002310000040100401003004020043200300200130020024020322043002002120012000140013001200114001400332001230000234002124000012303032321130304200001322434000000122334
4000234000133002122000012400011302010403403030201010040303020104003200030002100320002004210042000122344000000101324040000001123120030100301402003010020030140201340410400430032021040043303133234004044044040040440400404404404003300000443130122014313033031002
0400304402001041030410300203102000000444231010000044423114030004130013030130012400300024002240023020404100020203030002231330204033100003110003310000221004431000000123000012340012300001234001240200024140203010200003040203014120310002104310032004311042004100
1123324200000122323440000012223320020140300302002024033010240421210410010430030032042002003104100000044444000004444000004444400200240003140020034020014013013402040020010202203103001311310310020000044333221001030041211410030013400300014301400020011300130014
2020334301010204010413101020333143100043240343220004314000321022000013000023440012340011230000240201414333203030241413030202010200410341104210042004310031004300112223000000011124404030300133131003024020040240321000013220010234011302042004103102220412420320
3300000220000424000022130242102230204001410103033330301020203040020012400130013001340023001340130000044322211000004443321000000004103001030023410300103300044002002400003300300320403240020030010044002400440340000440044034202421031042343003004100104200210420
2402030330040240201003043304022301123304000001111224200000112233003200430003100410043100113031200101004040302020140004020301010100012300001234001230000123400124431030332100432100022430304320202030404041020212000000202020304243001300014001211000204420444032
0300020421111001004341314100300403103001020420000234004001031030033404001200300043103140340104010044004004400200340024304400400423041341023002024032100340303420200302003014040010140231202014021123340400000324344303000001234430323042400210041000310422303110
0201004030102322403442023202010120000200301330001144000224300033421000320130442400003203033220002030404141010304031000102020302013404320023002343104312300230012000000042211100000404431100000302410002223202243030020410302133020302140330140224014024013002003
2020300000010203040000001030304001002300030020410304102041030023200401030031031031011104013203100042004310420014110431042000420032000043100104310000210104331000031004432211201001004221400031040004444000404400044000014441000400333301101010322240400000131331
0001120100034400023000033301011203000200014001300120001301230014003401410401200340200141120120021012110030140200302004014110030302000241402030102000030402030141203040404102021200000020202030420411310303001140040121410204002031041002003002003104104200410420
0031000200432003100030043200310043110142210000410104321000421100000000443222000000404331110000000414000000000014040400404040440401132404000000213340400001021334001112000014301002300212240000340200020001400244013401230323031200441110331140124010023004012003
1402044030140200301402004020140201104040312120202010143400020120303030410201020404040020202030410320301313103041020020310203102030041301002003003104100210310320003201031003100411043030410030204210000311004422000033100242220003000441242312000004442320100000
0323311324132434204020412022202031041002003003132004104200200300200023410104300001340000244001123400300003001041120000200103104031233444000001133234400300122220103043002101030303202440404030001040400400000004040400404000004032104040402020213404040202020210
2000020432101000000043241110000240130100201301003044222010440222130000021100443200003100104220003040010003013003001402400200202220310002104310032004311042004100430013000140012110002044204440323104100200300200310410420041042043013341002331011230001133400020
2201300303002131021222020411103200122344000000122444000000012314403032000401000314002420303000320440404404044040240410004404041021004200423032102021140120032102000004043212100020404332310000204402044022041441002003001010240412003002400004212000120010032020
2020044011104203003423110303000000410002100220034004010032104320224014001440044410300010011320042003200204200410110430033030131020012300002244001200202204210031031020020200104003041040030300302014204102020322313102020201334000200000220202002420204000401000
0000040422111002004042221000000400440302004213022000300020003203041020010200203003040030010410200401400030203011001404033202324300240200030030034010024002003001430022000003220012200001130031110000000444444000000044444440000042100043413024230004311004311000
2003004404200200310410420031042020203041410201030400001013232030140200432003014030200301402004011200034002300130003403120314401211233242000001223234400000122233030002042111100100434131410030040031000200432003100030043200310022013003030021310212220204111032
0200410030303010200404030002040100300200140020020014023013013002400112000023340101400012230000240044000440044302440044000440044243000043100044320004410000431000200420410033010242041303003104122030404141010300031000102020304020030140201201423020030030301403
1203014001400430012000230014000200122344030301240334000001123312000000433221100100044323110000000042000113042001210031004200031203133301020423310300103103000020020201004040201040040404030302220024010023013003002401400101220243031100001234021242020322020223
0300300102042040020010304104100233100003110003300330111000330000012234400000011132404000000112330024320044002012002001300200300230333001000103020300141020300012004203433002101323300100310041000040043044044044044004004034201413001300013001240030002400224002
0104034040203020101003030232011221040041043002104434404300210410000000032321000000444322003000204000124000123400012400012300012420020140300302002024033010240421031030010204200002340040010310304311014221000041010432100042110000122344000000122444000000012314
0030020014002002001402301301300223203340040102140302131010203031034203431342230410000000110022000000000004444444420030300004444411401000044000300103002430233002010141403030302023000434320201013103100204203410310323021040032000000004332100000000442240300000
4000234000021000111033143400003310020100200301003010020040000301030030323230204002002043000010304310004221004321100432000002103010130424000001123324300000113330002001001401401300240130030030330030101011222301030400203033334020322042200410042104210031000300
0024014003002004401400401300300200000444332113000344323211000002202040010001030304040410202020304001234000134400123400013340012000420043104210031000200021004100140300002014040223200201302002004404400400440040044044004004404404103041020010400300203042031020
0300120002300130012000230013401233000002200042240304311004331000020141403020302024140302020101000113244000000021324400000011224321041001043003003204200200310410033404001200300043103140340104010000004432220000004043311100000040303200040100031400242030300032
4001120000233401014000122300002403420343134223041000000011002200140302402014014040240201401014014444000004444000004444000044444003002042030023420004104103041020024002400130013400240324002400334310000321000432100042000032100002010100302020102010140302020201
1123234400000313214000000012334431031002042004103100300200410430002402001301300300140230140020030000004333111100000444222100000030204041410200000214101030204001000112000012440002440002340002030032004210041003200423004300000022000040200301024010030140301301
0000004444440000004444440000001100440044004400440044302400440044040040404404041440404004040440400400404004040440404004040040404400440044004400040004400440044001000000044444400000002424444000004444400000044404000004444440000044004400440440044004400440044004
4040040404004000400404040040404240440404404044040440202404044040440044000440040004400444004400444444444400000004444444400000000400000444440000044440000044444002004400400440020034002430440040040414000000000014040400404040440404404044040440402404100044040410
0044000440044302440044000440044200000000044444444200303000044444444400000444400000444400004444404400400440040044004404400440440043404204020402014340404324043404400404404044040040440400404404044200024002440340030440042400240044444444444000000000304444444444
0000444400004444000024240000444400400440040044044004404400400440040404404040404040440404040404000440400404404004044044040040443400444004440044400444302440044000000000000000004444444444444400301444000044400001444000044403034414041004204424402400440440040044
3103000204300202410410030031030010232440000303113133400000102232020101004030201004040303030201013310004320004430000031100042200302000300024001240124001400134013041030400203034200022030010300330404040404040400404040404040404020030040104331403024020140120202
0042000100031004100020002100310040002240002042020432000221030114303040040202030304001020203040410300034330210000000444204400300000240003140020034020014013013402230413410230020240321003403034200113240400000021334040000102133421004200423032102021140120032102
4300004310004432000441000043100011401000044000300103002430233002030020420300234200041041030410204340420402040201434040432404340414030240201401414014030130201401003100020004100410003000420043000001134000224000024400122400003330304001020003010413102020203042
0000004422241402030234222010000000300100110430100034024002002024310410410030030042002002104204101022330203001023334400000021324102024040304333121313140302030201321000021100443100044300004221200300134001400230002000340214022402133302041020420204103204011041
2003004020140200200403014010022300012240001340000120003103400123000000442311001000403322100000043104104104200310410410430031031002010000303020102400030303013213020003000240022401240044301300034444003044440000444400004424302400410002004310041000210031004100
2020304002020303030404102010401200340240230120020010012034003402111234440000011133340300303222044310004321002442300442100433210004002001020220310300131131031002200302003014040010140231202014020011120000143010023002122400003400000404321210002040433231000020
2004204100330102420413030031041201014140303030202300043432020101024002400130013400240324002400334004044040440400404404004044040400310002000410041000300042004300303030014132322334340023233040100324040012011313032002304300100311233400000011223440030031423340
4010034323303223030442430043000003003041040410410200233103342030140301201033020030240304433003020001134000233000124400023400020400003034432211000000441302000000210320010421040041043003003200002201102010000032103001040300000233403340224022402134003000240024
1023244000000104234400000001123302001240013301240132032300134011200301003014020030100200301402013030300100010302030014102030204321031042043003004100104200210420421000431103442400023410043310034400440044044004400440044004400400012300001234001230000123400124
0030014024013002402001300400340101004140402330121412020303020141031030010204204002042040010310300341034213432004100421042200210000000443332210010300412114100300112334040000032434430300000123440200020001400244013401230323031244020440220414410020030010102404
2030404141010300031000102020304031031002042034103103230210400320431000032100043210004200003210004200024002440340030440042400240000011340002240000244001224000033032404001201131303200230430010030201410030402020100013040302020103002041030410300204204103002030
0032004200021001210224003100030000000403431240300004433310100020011323040000102124300000011133441340134002300130002000200014002414020140301202023012010200300301202040014101333403040020303030213104200204300410420030030242022031130344110004240000331000441100
0041000210021301200431002100322200200240130030020024013033302002421000431100434000043200003310001002000030040240301403013010020100000043322003130004432211000002020000403030301010140403323102410440440440400410400400404404404420303040010202020404101020303040
1113334000000434233400000002124003102001030410300304203031341020000023400012401012240001334000142004000204203210210000421030041013400300014301400020011300130014303230424002100410003104223031100044111033114012401002300401200312003002400004212000120010032020
2003014020120142302003003030140300000004332100000000442240300000020101003020201020101403020202014444444444400000000030444444444430304001020003010413102020203042112334000000112234400300314233400300204103041030020420410300203000012300001234000234001230000233
2303134203310201340423031040341013001240013002400024013000130013033103030343130033042400410022100030014024003013002402000300404332100043110003221004332030242100200202002004010040240302402013312000044442111102000444331114030022012140004040303014200303030102
0101410040302012141004020202014114030100231202402010000340200204002402001400200200200130020030021340120002400120303000230013001140012200001330000224000133400113112224000303304413340303001212220000000000004444444444440000000000000003030130000044432220030000
4210000020000331000022000033100003420303000110011000230331031110310410000030011140002303104102200200330101041040020040212104402020203343010102040104131010203331020100403010232240344202320201011402044030140200301402004020140220200440111042030034231103030000
1203014001400430012000230014000240002340000210001110331434000033112323440000031321400000001233440000444400004444000024240000444400000044222414020302342220100000401003432330322303044243004300000032004200021001210224003100030023031342033102013404230310403410
0400300203121340030020310200104020203000010102030400001020204000020141003040202010101404020202012003020333140203402003000020030300300100110430100034000314003012120012000120314000340034002303434001120001223000034400014000142314213200000011202344000000132330
0000224000014200013000012400014402004000402030100010030303313100004100430002101410043000220041000012230000000001223000000001122324020000300200402010030130243223200300410420020031041042001104204040043404004040400404040020201000300140240130024020013004003401
0400300203022331020010400034100200000444301140103044143111400000020002000130012000200013034300221020200121013312330044201030303043100043240343220004314000321022200002003013300011440002243000330110404031212020201014340002012000410002100220034004010032104320
0012234403030124033400000112331210020100200301003010020040000301310310020420041031003002004104300040044004004404400440440040044000300100110430100034024002002024030030410404104102002331033420300000040343124030000443331010002013001240013002400024013000130013
2020300001010203040000102020400043200004013004021000230000022120030021203443330110440311200032240101410040302020201004030203013103413023100310043000220042300210111224040000001333440000012123204002221000232322103423210223120240033001202023002100400300410020
4310000320000432000031000042000030304003030102020304141323303043130002000130013400200013002340030000004323210000004443311000000204002041030010310300102042031030002002430101300400240133110020000004440042400340430442000244030433031301043002103200104300313410
2002004030030001331401003310120103133124030001242230000304114244003200430043230423043304440044100101010030303010101003030302010100001300002344001234001123000024421000320130442400003203033220003030304102010204040400202020304122401400144004441030001001132004
0000004332211001000443231100000003003032323020400200204300001030002402001301300300140230140020030404044040404040404404040404040031041041003003004200200210420410140301201033020030240304433003020113230400001021243000000111334403310303034313003304240041002210
0201410030402020101014040202020103002120344333011044031120003224432000431100032100004310004421002030304101020203000420102040310003401203144002320120003203230014000000342241000000044332221103200400300104102040030010410200124103320040140140140030024014004012
3030400443040202040010102020200204102001020020300304003001044000310410420430032041042043003103200042004300021003200021003100413042100041140344320004311004331002000004042321100000003331210000300044400444004410044004440044400441231444300031321234200030122213
4000124300103410123000023400001032404340044031343134302430134043003002001400201200140230130130024002310000040100401003004020043202014143332030302414130302020102203040414101030403100010202030200320301313103041020020310203102020032002042004101104300330301310
0042000113042001210031004200031243100042210043211004320000021030000000433311110000044422210000000440400404404004044044040040443410223302030010233344000000213241000113400023300012440002340002041340134002300130002000200014002400300140240030130024020003004043
2003020333140203402003000020030301014100403020202010040302030131203030410102020300042010204031000410304203102030020010400304204424041042043003110104300400320023003100020004100330042200311002400023030114030221130340240304240020002043032220002004144331043000
0240024001300132013000130002400220031304042003003000204203340303400112400003440011240001344001120310204002001041330420200104003301123304030004123044430003112233232033414102333334000010102000334044040443404200024043440204404004004140200010101414040303323141
0000044232111000004434311110000014023130200302002014030110441402320000401000432200004210004321000030020013002002402032204300200200410341104210042004310031004300134043200230023431043123002300123004130100200300310410021031032020012300002244001200202204210031
0313330102042331030010310300002010130424000001123324300000113330302040414102000002141010302040010044400444004440044430244004400002024040304333121313140302030201000030344322110000004413020000001402014030120202301201020030030132100043110003221004332030242100
0030010011043010003400031400301203413023100310043000220042300210034012031440023201200032032300142404104204300311010430040032002340002043012240000344000230001120031020010410303003002031020010410013334400000123230000001112240423233301020202010010101020430141
0000030122211000000032221100002200320002100210032000210021003230031020010200203102001020010310400201010030202020201003020201023100200203130120020010024012002321300122000022301011200002240001440000003000000000000000000030032012103002110004320000211004421130
2103100100200210410010420020043020203001020102020400141010204021200202002014010040100200204014211200120001400130012001140014003311222300000001112440403030013313000000042211100000404431100000300032010310031004110430304100302003102002020010400304104003030030
0202010040402010400404040303022200200100140140130024013003003033000112000012440002440002340002030000000000000044444444444444003032100002110044310004430000422120210320010421040041043003003200002020400141013334030400203030302120020200200401004024030240201331
1200120001203140003400340023034311122404000000133344000001212320000000342241000000044332221103200031000200041003300422003110024003102001041030300300203102001041020231314040300020201003333202242343242332231323230320234224421320011400011330002330001130001430
0312220304021242000102324400023034130343200004200004321000400300111333400000011123340000000214342334040003013004402401401203330120304041020200020100112012303230233402020043200010003004220334000440400401404204014042040100424433001240014002310020002400114313
0200000040202210211401040001030040032011023003123104104210440220000004442312020002044031221002002001230000234002124000012303032310030240200402403210000132200102241000222320224303002041030213304210000311004422000033100242220020142041020203223131020202013340
0024010023013003002401400101220200301010112223010304002030333340003200421004100320042300430000001444000044400001444000044403034403001340014002300020003402140224220110201000003210300104030000023104200204300410420030030242022020000444421111020004443311140300
4001120001223000034400014000142340022210002323221034232102231202040030010410204003001041020012410023030114030221130340240304240000133344000001232300000011122404234324233223132323032023422442133030304102020304040420202040010100410043000320002004420032104310
0031034200023200422103321402220203303423020140303024231240303000333030010001030203001410203020401004023030431000320430311320311303300040020012001201330233023100340203200033314010003331200034014203420004400440044004440044004423100001020420100204204001031030
0003000001320322022202100210000202002042100043420000421000432100000403403030202010041404020201012113030420000132243400000012233434011302042004103102220412420320203021403301402240140240130020030300044124231200000444232010000000200000220202002420204000401000
4303110000123402124202032202022320322042200410042104210031000300220000402003010240100301403013011404100420442440240044044004004402133302041020420204103204011041334033402240224021340030002400243113034411000424000033100044110022012140004040303014200303030102
1421320000001120234400000013233040033001202023002100400300410020033200401401401400300240140040122000204303222000200414433104300023233301020202010010101020430141200114000113300023300011300014300041004300032000200442003210431020030140201403003014140200201004