0013000010000300002300003000020000003030000104000010000002020010100000000000000024211000000000003003003003004004002002002002000203004000200300040030041002003200000000224000000302300000001131220303020100000002004030302010000000000210000041030033000002130322
1000240010000202010002200020002000030000000203033040010020330021000000000000000200004404003344400100300002004001010020040303102000040004000400010004000400040004340000012300001030000004030000300000000000000100000201000201010300044323232110002024233320202003
0020000003000302130020001000400000400200100100003002004003001022212233430400000200000000000000003010000300004024020000401000022200100030004200022000410003000020000240002140001300001300000200220000103020000003040400000030200000000000004444030000000044330022
3002002002000002100100040040030002002002000303200300300400400032000001112330000200000033440000000202010303334010000002030000001200003300004100024100002000003100200021030040001000020000300014220100020222420300020222020301020000020202010040330202020202020200
0000303000010400001000000202001003004000200300320030041002003223000002100000410000330000021000030000000000000000300044040033442034000001230000123000000100000011002000000300333043002000100020303010000300004024020000401000020300001033003030010404000000100000
0200200000000020030030040040001300003300004100004100002030303100000000030403433100000000000000031300000001340000001330303002430000400343004000400010001000100013401003000030040130103003000020000300132020304000000001010203040302002041001001034000003002002002
0003340004000304000420000310004300000324310000000330300044310210133000000001110003000022440000030030000400030000400010301000140000040200300303002301000010030043040400000000001000000040400020000100004002031003002304040030030300041000400003100020004130330000
0000011003030000044114030000000222200000000000223440000000303112001300014300100013000033031000002003000000020030010030030000433003040200030402020001020003040003020400200103004002040030010300201202130010001000410040000103021003301030303030323030303022003000
1000000000000000242110000000000000000210000041000033000002100003000400040004000400040004000400040040020010010000300200400300100000001030200000010404000000302000020201000030402100000203000000400100300400200400000001003001003000400040004000010010001000100010
0001200000340000014000023000000400000000001312010000000000000120000003243100000000000000443102100041000043000013200004110000300004000400010001000100010002004200010000400200101400200104003003000000020000010100313141010303030000401101010304000000302000040002
2003000000020030010030030000130040004000100010101000240024002000230000014000023000000340001200001342400000000010000100224030000010000000000000433200100000000000000002100004111004300000320000020004000100010002004200420001000100400300200104103002002001000040
0000003030400000020403000010302002030000004020300400020100004010010030010030030000130000100200300040001000100034002000100020002400012000000340001200000034000012000000000120233030000000000000210000043102100000000000042132120003400000400000020000021000042100
3003003003004004002002002002000200000000000000003000440400334420004002001001000030020040030010003002002002000010100100040040030300000000040343310300000000000003002000030010000400200103004002303002000200100040030003002000000400000324310000000000000044310210
0010000304001001010000400104002330024001400200020000000000300040000001100000000004411100000000020010300002000010300002000010400040004000100010001000240024002003000030000000000200000000422000000001304000010010011030000202040040001400120002011030002000030023
0331000000031001000031003000231300003030104000100204030000103020200002000040001300034000100002430021000000100000043000004210000404000000001020303040000000000100240001300012400013000020000100000040000040000002000002100004210304040300000000000000000010000000
2000002400002400301400011400000100300004100042200002000041000041030404030301020001010000000000032300000140000023000001400000233004100000000420002300002000021003040302020000004030201010000303320200030124000002124000000403030120033040302030033034003011303210
0300400020030004003004100200320034000001230000123000000100000011000010302000000104040000003020000000000004034331030000000000000340100300003004010030000300002000000031000400000100042000031000400030000400030000400030001000140001000040020010130020010400330102
2220000000000022344000000000011203040402030402020001020000043022000030000000000200000000422000003003003004001012002002000304001100040001000100020042004200010001000340000200031140001333030330220103000120010104000130010200001042111103222221443232214133333041
0300004030000403000040300004030000430000400000020000021000040122300030024002400300030003001000100040040001002012003003004104100400000230000001324000000024300000400000010202030102030400000040221000000000004304310000000000000401003004000023110030000200200403
0000001000400003000420003100021020000300002303230001400013003012003001030020000300103002000000040000000304041303440400000000000230202010030003030001040003000010200000411000000031000004200003200100040012010214021002001100120101030002220112010204024302420010
0000002240000003023000000011312200200000030033304300200010002030020201000030402100000203000000400020000300100004002001030040023000003100040000010004200003100040001010000000030303000000000030232000002000011400003000012000003320030003303230300100300300301300
4000000301020102020000000010203303004000100300400010021032303004003100030003100000003100000043130000001223340000000030414000000003400013001000343020301030203022030003401000040330302030000403000320000304003010030000403203310030141300200043000340200120220024
0400000000003300000000401120401323000301200000330330314000002300300200300100230403000100040140020000400000000000000030200000000002002003003332020303100100200403002100000210000001100030200000040000000001041340440203000000000300330013000100010000100033300340
0100002003043032100002030030000200003000020000201040000300302040100410031300200220002003330040031000000000000432001000000000040432000301234030304240000002403003100200030030031003004003000400202343423030102002100000040400020420000330343020043020343020343040
0303020100000002004030302010000030100003000040240200004010000203010030040020040000000100300100303002000200100040030003002000000400300004000300004000300010001400200000200001140000300001200000330000024003000320030003102200030013424000000000000001002240300000
0000000000000000003404023434123200000030030221010000000001413020002100000010000004300000421000040000310002000042000420000100042004000100020042000100010042000200004004300100230300300300413440220204002000040020000100310104002024000000010203030000304000111400
0000400000000000000000400000000002030030004010000403000100102040400003003030030000200401004004030000000140040010030030010020010030003000000200030003000300240024001300304000130000400013003020203400001200000034400001200000140000000102200000100111330000000022
2132122430404400000000000000000000000020412121100000000000303020100000033410030101422300030440000010000041000441000040000043000000001000130004010200021003400000020040302004200400410040000002200030030032020220040022020200020403040300204002000030400200000040
0000021000004103003300000213032200001033003030010404000000100000004000400040000100100010001000100000032431000000000000004431021001000040020010130020010400330102200300033032303001003003003013001342400000000000000100224030000003040301000100120042004200010001
0003030000430330340032013003201000012000000340001200000034000012034003004000301230003210300401000000020133000010103020400002020443001300043024104000040000033000100000003000430431000000000000040000130130111010400300200101014231103002002004014004000003000030
0000000031314344440400000003000004000100420001004200000020003000301020040003000000302000040301013400001200000034400001200000140000000300303200000020000421030040000010002020400000010104000000000010002400140020000200030003000000004322100000000000443210000000
0004004033300000020020010003400320040000040000130040100000100000111333300000000000000000012103433001300130423010303030303010044000000100200030000301000040003000300213000012001000140000003400302011000011000043000040000044030020002001020404200010000030300000
1000240010000202010002200020002002002000000000200300300400400013000120000034000001400002300000040010000304001001010000400104002322200000000000223440000000000112400000030102010202000000001020330000000000000000003404023434123200030300004303303400320130032010
1000000033110000000411000000033100040100300300002001004010000030003000041000422000020000410000410040020313002010000100040302004200010000004200010042000000000020200001030020002300014003113000120200200300210200204204114100104120012200000013000000123300100102
0000300302000020104000030000204013114204000000000000000020034012004040300000404040000040004000000000004041212120000000000000000203000003100004010000201003020000200000421000004200000004213000202004000004000013004010000010000004200021000403133000040000410004
0030003301400140020002000300030000010040001301100000310033300024240001300000030100400314030022000004004300020000030020010000200300000212000000102400000000224000000010203000000100000000302001222102133133442140410002000200020003432320101202120202000404030200
0003000000020303304001002033002100003300004100004100002030303100000000000013120100000000000001203002400140020002000000000030004003040402030402020001020000043022030040001003004000100210323030040000003003022101000000000141302000012000000340001200000034000012
0004010030030000200100401000003000003030020400103000020003034021041000000004200043000020000210002132432334400000000030303000000000100024002000100020000003000003302020100000000232313100000000100000040001001012003003004201100430122010000002200020202240200020
3400000123400300124000000043000001000002003002002334303004002004400001000000233243000102000000300000100010000100040034400040000000000000000303020303000003030000100022000200013000140032300030000200010040230002030403004020000000000000000000020020020000320020
2300030310030044000003401003304200000214030030200400300000024000330303400000000240040023000040013000401003200010300030023204043003003330041000100200030034400010011000000000000000000000000400032024202132000102003000024003100010002402010030400400000020100302
0000000000000002000044040033444000000003040343310000000000000003000003243100000000000000443102100000011000000000044111000000000200003000000000020000000042200000003100030003100000003100000043130021000000100000043000004210000403400300400030123000321030040100
0030000410004220000200004100004104100000000420004300002000021000000000100040000300042000310002100300030004000430003000400040000104000103420001004200000020003000030000002004100000020041302000300300000120030001002103010101200321002002003000104000000010100100
0000000304004004004004004004004000040040030020000200200130304023000400300003002040030010400200000001000020400210003040020000004040010303002000000204000030000303400101020000003040000402333000200000000102040400001000003030000040000000000001100102020402030400
0040404340302301434033303020231000402020101000100000030200310220303020100004020103000330231013003010000402000010402000030100004040000400010030200400000020100302402003010020000100003004323030204010010040100300420402001204020003020340100100300300300000002001
0100300002004001010020040303102013000000013400000013303030024300004100004300001320000411000030000010300002000010300002000010400030030030040010120020020003040011000000122334000000003041400000000000310002000042000420000100042000000201330000101030204000020204
0040020313002010000100040302004221324323344000000000303030000000030003000400043000300040004000010400040000000414000000040000000040001000200024002000000301000200000000000044400344423231112000100011104110310010030001013100300210302020000403041101014040402040
0023000100002401002003010301300010000000000004310000000000000432010020030030040020030040001001000300004010000201003020040300004023000322030003000002000333203000004220000000021130000030000000030310040403400304004003000001300040100100400431101004300030040000
0300040003000134000030033000302330003010300011103003300000100000000100000040020400102000010000303200400220000000100000140000243014340000000000323000303030021240030000420000200004100000000420302000102040000104030400002033430000001004201000200200030030000001
0004000400040001000400040004000400400343004000400010001000100013040004000100010001000100020042004000400010001000100024002400200300040001000100020042004200010001034000130010003430203010302030220400010002004200010001004200020043001300043024104000040000033000
0001000000420001004200000000002000100024002000100020000003000003040001034200010042000000200030004000100020002400200000030100020000010042000200420000003000300030001000240014002000020003000300000400030101004200000130013001300010002400100020000300021013000140
0001030400420000003000300010041000100010002000030002003330014021010042004200000030003000100410044000200020000210020003000140014200020300000000300030001004100400001400140000000200030331200140220100410000003001330013041304030240002000000303100300014000400032
0002034000200031031002100400010000240020030100030001403040003022010002000000300010041004000300004000100300000310014001400030000000420303003000300410040003000000002000200002000140014030100003200100020020003004120402030200024143031200030000000142022202000013
3400000123000010300000040300003040100300003004013010300300002000010000400200101400200104003003000000300000000002000000004220000000034000020003114000133303033022030003401000040330302030000403000040043001002303003003004134402210000000300043043100000000000004
2000010300200023000140031130001230202010000000023231310000000010030000002004100000020041302000300000000000444003444232311120001000100024001400200002000300030000040034330000040404010330340403201010100020002010310131003000410201421334320304010020202020200020
3300430303040030003303403340330000000001020404100040300030300000012003300304000234002200301030020000000011222110300030300000344003001200430300320323040010033010001030300102031030204031310400000000330000430302400303410000411043403000301130000000011330300000
0004004010310332333013033000200130023010100104003000010000100103003200303022000243100003011000000000344000003400000034000003343002003040000000403033304020030000003003000000031030040010010400203000202011310202000410100003024100002024200000200020000013000013
0000000000000100000201000201010303001320203040000000010102030403000002000001010031314101030303000001304000010010011030000202040001030001200101040001300102000010032000030400301003000040320331000204002000040020000100310104002000001301301110104003002001010142
0200200300210200204204114100104100000400010010120030030042011004030000012003000100210301010120030011104110310010030001013100300204000301010042000001300130013000101010002000201031013100300041020001012101010111010101011001000000004000021000100043000410000100
0030000420000300004100002000031000110300000301100400000300000300003100004320000440000002000003212010101320101113100000431000004200433000000033000000033100000044111000004331011000003420000000000000043210000000000432100300030001101010101110140323100000000000
0000030044033311200100000000000022322211121100000000003002000020000000000000000000000000000000001332034101101010000000000000000000000300112334000000000000000011143401010000010133300030000002230000102440000000102440000200122433000002143202000012400000001340
0004432323211000202423332020200302002041001001034000003002002002004011010103040000003020000400024000140012000201103000200003002342111103222221443232214133333041301413002000430003402001202200242400000001020303000030400011140031103002002004014004000003000030
2001220000001300000012330010010230122010000002200020202240200020210020020030001040000000101001001030202000040304110101404040204010002400100020000300021013000140014213343203040100202020202000200000400002100010004300041000010003014031000401012140401104000032
2401300400410002002210123222000200002300000130010122100000140020200334000200024422102000244320024000200400010030220000140002003020302230120002041120040423032002300010002001200000004010300130203322404032041201100101002000201230001100320000412004400014200040
2000320004141210302023210012200302003003000030042040300400001021200032101214020021400002100020040043321000000000243231002000144322003010000200000020232021213000000000401010101000000000000404040002420302044203020302140204000032231400200000022020202031430400
0020000003000302130020001000400000033400040003040004200003100043200300000002003001003003000013000331000000031001000031003000231303000040300004030000403000040300040000000000330000000040112040130000400000000000000000400000000000000000313143444404000000030000
0000300302000020104000030000204034000001234003001240000000430000000000030400400400400400400400400023000100002401002003010301300000010304004200000030003000100410330043030304003000330340334033000030000420000300004100002000031024013004004100020022101232220002
1000000411000000441000000242030030100004020000004020000301000040000000004442334212011000000000000400000400000312001010001010301222334000000000010011223340000000000100000043030000002340010300020000344000003401000034000003340000300000300100020300300000300402
1003010000400323000140002000010003000100000303022100010000004122010002000400140240010003000000400000400303410002200003300003000240120400200303000003003004004010003330000000433030000044110000200401010040401010040100000240120003030300000000020002020202020000
0040020010010000300200400300102200000324310000000330300044310210400040001000101010002400240020000000303010400010020403000010302000430000400000020000021000040122230003012000003303303140000023000203003000401000040300010010204004000100420001004200000020003000
1311420400000000000000002003401201000002003002002334303004002004000400400300200002002001303040231000000000000431000000000000043200100010002000030002003330014021000000010204041000403000303000000011030000030110040000030000030000002300000130010122100000140020
3010000402000000402000030100004003020342032000410013021004000300030003000300040221230340200030002004003004002002033032304002001003200300032003010003010030003100004321000000000002321030300000044000140003003000014303200003001300000010001030303000000030310003
0420000220303300002433034200002234400000040000001400000022300000030100100030030100000003030402000100400030001004000200310040000010230223424040000030300000000000020013000004003003001000002001102102204010232002400100102000010020002000243210000000043320000000
2122334304000002000000000000000013300000000111000300002244000003230000014000023000000340001200002000020000400013000340001000024330003002400240030003000300100010300200300100230403000100040140024000030030300300002004010040040330102004000300000030200004030101
0040403000004040400000400040000040000100000023324300010200000030000400300003002040030010400200000100200300300400200300400010010001004200420000003000300010041004012003300304000234002200301030020031000043200004400000020000032120033400020002442210200024432002
0000000044423342120110000000000003000300030004022123034020003000000000230000000102430000000024400003300000330000133000013000001300040002000032021000003000140002003001400100020003000200000010200240000040140000040030020030020002003010020000200001002000010000
0401000000401302020300000040300004000404000000040000000004000020001010404001010400001030400101030020010300204003000040010010200200000400000013020320010030020040000200410001003000400020001000400004100003000020004102000200440003030231000042120003200000320000
3010000300004024020000401000022200300004000300004000103010001400134240000000001000010022403000000021000000100000043000004210000400400400010020120030030041041004000040000000000000003020000000000000000140040010030030010020010034000012000000344000012000001400
0000004041212120000000000000000200001000100001000400344000400000000100002040021000304002000000400300004010000201003020040300004040002000200002100200030001400142000000001122211030003030000034402010101320101113100000431000004240002004000100302200001400020030
0400000400000312001010001010301220040030040020020330323040020010000330000033000013300001300000130010000000000000000040034423201101000330034203001304300312003300000030010400300002000030000200004320020204000341030003023040000000200010002400340013302400000003
1144400000000010143410300000001000021000000310000004200000003000003100200400400010020040002003000000400000000002020302000004003401001001000003003002300003003002240000140000140000003000003000302000000000444443111100001003030020044000200020202031000300042000
0010003000420002200041000300002000040200300303002301000010030043100000000000004332001000000000000400000000102030304000000000010000000230000001324000000024300000020020030033320203031001002004033000300000020003000300030024002400000300303200000020000421030040
0300000310000401000020100302000000000000000303020303000003030000400103030020000002040000300003032300032203000300000200033320300000020300000000300030001004100400030012004303003203230400100330100043300000003300000003310000004420302230120002041120040423032002
2233400000000001001122334000000003200300032003010003010030003100000400020000320210000030001400020100033003420300130430031200330040100100200000002003003000030030100000000000043421000000000000040000000010001030303030000000010000000134000300143003000013400002
0100200200330102430100010010020030004001330340030002000303040024000032200002100000100004100004300300004323000303004030000400000200000000000303020303000000000000000104000030400001030010204000242400002400000140000030000230020003000340003000420020040204020400
0002400021400013000013000002002204040000000000100000004040002000000002100004111004300000320000022400013000124000130000200001000040000001020203010203040000004022002100000210000001100030200000040013003040001300004000130030202000001000202040000001010400000000
2000004210000042000000042130002010002200020001300014003230003000400101020000003040000402333000200042200000000211300000300000000300140014000000020003033120014022001030300102031030204031310400001110000043310110000034200000000030001000200120000000401030013020
0001000000430300000023400103000200432100000000000232103030000004003001400100020003000200000010200000300104003000020000300002000010000000000004342100000000000004300040010040304030200103130020200402031003033321430300002001300000000034422011000000030030300003
0430020023302303030001230200440000200000103001001000030020300000000000303030000000000003030000002001000000001401300200100000003102004020030040030010023040000400000000000000000000000000400040302000202020202002002002000003030020202400000320002400400300010000
0000103020000003040400000030200001000040020310030023040400300303000400010001000200420042000100010040000040000002000002100004210310000000000043043100000000000004000000000104134044020300000000033400001200000034400001200000140000100024001400200002000300030000
2004000004000013004010000010000002000100402300020304030040200000000000010204040000100000303000000310040403400304004003000001300001004100000030013300130413040302000033000043030240030341000041100000043210000000000432100300030033224040320412011001010020002012
0000344000003401000034000003340040001400030030000143032000030013024000004014000004003002003002004320020204000341030003023040000000000000100010303030300000000100040203100303332143030000200130000041002000000410020000003004100204200003000041000022000330000400
0000000004301002000302332000000000000000000030300000000003101032330000001230000000340000011300000014000300014000330001400030001420020010000304023000031001000200030100400000313040201004000020300000000000000101010000000301030103134300000020020300002002040010
0000000000444403000000004433002200041000400003100020004130330000004003002001041030020020010000400404030000000000000000001000000001003004000023110030000200200403003300130001000100001000333003400000010220000010011133000000002200004322100000000000443210000000
0420002100040313300004000041000400000000000000020020020000320020400000000000011001020204020304004010010040043110100430003004000040002000000303100300014000400032434030003011300000000113303000000110101010111014032310000000000030001100320000412004400014200040
0030000030010002030030000030040200000010001030303000000030310003020030100200002000010020000100000020001000240034001330240000000300000134000300143003000013400002000000344220110000000300303000030420000300004100002200033000040001002002004003000004003000104000
4301030100030301030013304033200140100300002000040000300002004010330023004300430233004301300020003300000012340000011000003003403000000000000000000000000424244411000043000040000040000040000041302040042002003004000000000103130420003020400020002303230010001040
3002002002000002100100040040030000000110030300000441140300000002000000303040000002040300001030202000002400002400301400011400000100000010004000030004200031000210010000200304303210000203003000022132122430404400000000000000000000040040333000000200200100034003
0030003301400140020002000300030023000303100300440000034010033042004040434030230143403330302023100300040003000134000030033000302300020340002000310310021004000100000400401031033233301303300020010000030044033311200100000000000020003200041412103020232100122003
1003010000400323000140002000010004200002203033000024330342000022040100000040130202030000004030001144400000000010143410300000001001002002003301024301000100100200043002002330230303000123020044000000000004301002000302332000000043010301000303010300133040332001
0001300001330300240000240000013000041000300040000200020004000010401003000020000100401003000020200000000303000002000000030000000200300004032302020030040200200200300020003030100010002400100022200020100004120000020100003120020002010203020301030200000100020000
0200200200030320030030040040003222200000000000223440000000303112020300000040203004000201000040100030000410004220000200004100004120000300002303230001400013003012000030000200002010400003003020400000002041212110000000000030302020040000040000130040100000100000
0001004000130110000031003330002400000214030030200400300000024000004020201010001000000302003102203000301030001110300330000010000000240020030100030001403040003022300230101001040030000100001001032232221112110000000000300200002002003003000030042040300400001021
0300010000030302210001000000412234400000040000001400000022300000040004040000000400000000040000200002100000031000000420000000300030004001330340030002000303040024002000001030010010000300203000000000000000003030000000000310103240100300002000040000300002004010
0004100030004000020002000400001000013000300000200240303240030210430003313031010003000310001000400000000002100000000040000300002303403230040030014003001400000100010000000020010010000000020010313114142020202022202020311142034022012000400023012000402000030100
0000011123300002000000334400000000130001430010001300003303100000010030010030030000130000100200300304040303010200010100000000000300300103002000030010300200000004100410031300200220002003330040031000000334100301014223000304400011133330000000000000000001210343
2400013000000301004003140300220033030340000000024004002300004001303020100004020103000330231013000001000000400204001020000100003001000200000030001004100400030000003200303022000243100003011000000000000000000000000000000000000020003210121402002140000210002004
0100020004001402400100030000004003010010003003010000000303040200001010404001010400001030400101030031002004004000100200400020030000003220000210000010000410000430000000303030000000000003030000003300000012300000003400000113000033002300430043023300430130002000
4010030000200001004010030000202043000331303101000300031000100040010000020010010000020010010000020020004100003000041000300004100000000440241000020000000220010000000000032030000002134000000004040030000400030000400030002400000000034303010000040030000000200400
0202010303334010000002030000001220030000000200300100300300004330004000100010003400200010002000242300000140000023000001400000233000000003040413034404000000000002100000000000043200100000000004040010000041000441000040000043000030013001304230103030303030100440
0004004300020000030020010000200330004010032000103000300232040430301000040200001040200003010000403200400220000000100000140000243040001003000003100140014000300000000034400000340000003400000334301332034101101010000000000000000000433210000000002432310020001443
0000400303410002200003300003000201004000300010040002003100400000002001030020400300004001001020020000400000000002020302000004003403000043230003030040300004000002200100000000140130020010000000310014000300014000330001400030001433000000123400000110000030034030
0000000303000002000000030000000200000000021000000000400003000023002000410000300004100030000410000000003004000300300400030040000304020000200203010020000400103003030304040404040400000000000000301323000403430304000303130200033020402400300000032024214023033000
0000330000410002410000200000310003040200030402020001020003040003000120000003400012000000340000120410000000042000230000200002100330202010030003030001040003000010320003012340303042400000024030030000100013000401020002100340000000000100200030000301000040003000
0000021200000010240000000022400003003330041000100200030034400010400004000100302004000000201003021434000000000032300030303002124000420303003000300410040003000000020030400000004030333040200300000000030011233400000000000000001122003010000200000020232021213000
4012040020030300000300300400401010230223424040000030300000000000000004000000130203200100300200400100100100000300300230000300300200000000000303020303000000000000020040200300400300100230400004002002001000030402300003100100020000000000000000000000000424244411
0030000403230202003004020020020003403230040030014003001400000100000004402410000200000002200100000402000020020301002000040010300330010303400100034003000400030014100000000032000000000424210000000010100001040010104000010000104003230300002000100002000100034002
2000210300400010000200003000142202040020010300400204003001030020000000000120233030000000000000210403020200000040302010100003033220000041100000003100000420000320100200030030031003004003000400200200403020042004004100400000022030021300001200100014000000340030
0000102030000001000000003020012201100000000000000000000000040003402003010020000100003004323030200300004200002000041000000004203000200020000200014001403010000320003003000000031030040010010400201434010100000101333000300000022300000040101010100000000000040404
0033300000004330300000441100002002001300000400300300100000200110000200410001003000400020001000402400001400001400000030000030003000010400003040000103001020400024000000000000000000000000400040300301004000003130402010040000203000004300004000004000004000004130
3000200030301000100024001000222001000000002001001000000002001031000000032030000002134000000004040303040404040404000000000000003010000000003200000000042421000000400330201000302401000001204002232223222320232220214323332303022020120000230000340000400001400301
0100020222420300020222020301020012021300100010004100400001030210000004310210000000000004213212000200030124000002124000000403030101000400120102140210020011001201234342303010200210000004040002040030030032020220040022020200020420110000110000430000400000440300
2102133133442140410002000200020020242021320001020030000240031000401001004010030042040200120402002000102040000104030400002033430001000200200030041204020302000241300020201131020200041010000302410000102440000000102440000200122400024203020442030203021402040000
0401010040401010040100000240120021022040102320024001001020000100000410000300002000410200020044002000000000444443111100001003030024000024000001400000300002300200200020202020200200200200000303000000000000000101010000000301030120400420020030040000000001031304
0020100004120000020100003120020031141420202020222020203111420340003000040003000040003000240000001323000403430304000303130200033000101000010400101040000100001040222322232023222021432333230302200100000000004420000000000403424000011440000011400000001400000001
0002020201004033020202020202020003301030303030323030303022003000034000004000000200000210000421002003304030203003303400301130321001030002220112010204024302420010200003303430200430203430203430400304030020400200003040020000004020002001020404200010000030300000
0343232010120212020200040403020010002402010030400400000020100302030203401001003003003000000020010000100420100020020003003000000143031200030000000142022202000013000020242000002000200000130000133300000214320200001240000000134032231400200000022020202031430400
0303030000000002000202020202000020002000243210000000043320000000030302310000421200032000003200002004400020002020203100030004200003000340003000420020040204020400202024000003200024004003000100000313430000002002030000200204001020003020400020002303230010001040
0201020302030103020000010002000022012000400023012000402000030100000343030100000400300000002004002040240030000003202421402303300003230300002000100002000100034002201200002300003400004000014003010001144000001140000000140000000100000000021133000000000000002114