0031100422000230003411044200002001402040200004010201420030001002340000001223400000011234002340001004000214300210000043002243100112004010012034010210034010030034000000000400304043032430210102000400101101020020324004001011010340020013040322033303220330330043
2211000011100001131103041000001420241414101010100000000000002020002320001114040003230001111404000030002300422001242320222104100300403302010230200100402010004030240240020040000000000000000002003001042001002000031040031400310401001003100100010010001001200100
0000043310020000043221000040003202002323303410304100010200032000300010401022001130002240000204014110030310330000200002200211004414140202000240402020030301314012122334423000000011223334400132230030430000022001004203200400410240400003401200300200340421202101
4302121310121010000004020034343020020100001100410002104100040000002400130010000240013002300024000033311300440000032111004400000301410000020140300200434230200040000002100040021100400211404001112000300412003000300412003000410002014033400300402014232100030100
0140204020000401020142003000100212004010012034010010034010030034400200130400240030002400303002400023200011140400032300011114040024024004004000000000000000000200000004331000000004122100004000324110030000330000200002200011004400304303000020010042032004004100
2001010000100041040010400004000001410000020140300000414030200040020140301023004320140301000301000004003001340220010004003401340103200002040002430021300013200103444400000002222200000000000444440000000043424232312100201000000011000001103032210000221000322100
0030002000200030033003400301040120030400400100103103143102003040010201040010202030400102303040011003020200401010030202004010100340200200140030020100040020020110234001230134000234124000134023000400002244000021430000000214300000010000001000000120000012000101
3131000003031010003421010000431300010004000430003200032200221010003104100200200300310410020020030304001040310402100020400203000010000004000304020341023041203010002420010014140140001301300002000340034004000400040010001100100124000240000134001013000130300013
3400000012234000000112340023400040020013040024003000240030300240004033020100302001004020100040300200030000341030410001020403000000304300000020010242032004004100003331130344001013312302410000030100010002001201100123122412342303200302340300233304103043030401
1000000300400400420040320140330024100324000424323433343130320003200304004001001031031431020030403004040304103002100023013300043042312010020300000040342312013120040000204400002143000000022430000023010203100233033401031121014300001013020201302020030302413030
0304011343310402100020430004000300112303241003300140143132300000000043000300403204000043340000021000211403300040000002041303222012400221431230002100120301100000240133300443401304022414003020013020201333302000434001000043000240020220211130333134340031004041
0310042403031010033100031000033400044143102322120243100100300221230000104300022403001340030232033003002302001411400300300024014040404030303033030002020400303030020010443004101000020000322104100430002000432043000200043204310000000331030000303020012141300003
1004000214300210000043002243100100232000111404000323000111140400020003000034103041000102040300004302121310101010000014101034343002014030100300402014030100030100003200044100320044410032004410100001300010010420120001300010013420030403200100103103143102003040
1101141224004000000033233330000041000100413040301020103010001004313100000323101000342101000043130440301100300140330104030110030000110300441003120112330203003000240002400001340010130001303000131031402103141010314003001400103100000000000020000000000000000000
0040241301030130400003013010041403100421000310100031000310000031020014000230114003301140033011000300410300412300010300010300010340010001312030000010230340000201301430143014303030103020301030200001033323000000004002011100000301201201301321001301301402302312
2101000031000310310043100100041021400002300130400033001210000300410304103001030010300103001030023434340000000000000000000000002010030103014030100010030200300030040410100033000040112003430000000003013400100130130002011002300010000040043003104103103200200000
1200401001203401021003401003003424024004004000000000000000000200003043000000200102420320040041000201403010030040201403010003010044440000000222220200000000044444003000200020003003300340030104011003020200431010030302004010130304000022240000224401010002143000
0001000200043000300103220022130010000004000304040043043041203010240002400001340010130001303000130003203043132012302012332300000030202010303220004040010000430202400020000440043300010002340002000004231200010301000042301000403010102002040203101030414202030020
0002000430134001000220004001410120202334000000000141022111002003104103000412400304104003020412300024003113300100210322013001013000000000000100442042214211021200303303213402102102021000000040044020040023030034020040023010034000010000201302020131202421104142
1000004004320310410310320020000000400302010304020120100100201204000000112230400000000011223344003003410420003003104120000030134100404013130000404210140401414010021144303000220010212031024303003000400001100032003300440004100040004130003020001300040204010002
0000000004003040430324302101020000000433100000000412210000400032003331130344001013312302410000030032000441003200444100320044101000300020002000300330034003010401041003302340001124432113000000410310232103132022231320010003000003340010203104021000204002030000
0104020203340313232010201343404040310330301020200000130304020200004024133123014313033331334004140040003140300100200400201403001030030020020014144001003303240140000200043011400100022030203144014010312012401023410302001221021300000122303041330021423020203300
4014022120124040000130133120010134343430303000100120200020200030013434102000000202003323321311443211033000341231100202102020000422200222113002043230322000332330413031000330002200322200222000203003410420323303102120020030132100220310031030003030002301003100
2040000010310212323202002042010010103002343430201020020100002010040400004040232222123230404043301004103332034110003030002004130400010000400004030010201302413044200040000240142310103031103302000301040040114010034032200130400202301100004001301044001000044023
0400101101020020324004001011010341100300003300002000022000110044010001000200120110012312241234230001300010010420120001300010013410030202004310100303020040101303031023210313202223132001000300001000023100033013000434030403034310002111433000400000000211032220
0001000440000023001300140003003310200303030001000120302030040400030041030041010304010304010304032301333000100001442303021003302000101230000010043432030304042224002400000110013000300031100101102002121420000314230301021400000400100230303140424012341034304030
3211020000043024000330130300004420023300014440300033112133301200400001001202330103400404230030340010334030132032330332343133043000200230030000033103301331014100423120400033301401420130303000300213000012000301120313230403112000200132404231203144303003002010
1020400103010113032333004202000400400041001040443331104321341030111110000000000303030300030003041120033334334100000310302400300000301002000320040130401201032034104130320440210002041010003003300423004230022103403303210300330034343030303040404040000040404000
4002001304032203330322033033004300304303000020010042032004004100032003023403002333041030430304012003040320010010310314310200304004000022240000224401010002143000033400102031040210002040020300001000211143300040000000021103222033232010303020004040010000430202
0032224333022212212110000030022140404030303033030302020200303030000003330300000020400121110000033031010020030101202003000120230322000002230030223000023300000330200004002301003402004002304003400021204010002330034000412040200031302200230124021003400400000000
3033410420223001404122020030104130314000130002300324000240002400040000042042004042303201022200103243100012000003140010230400132420110200100004042031210200100004230410010213200020201030400000010233040000203040000203340000103030010020021032142213204304400000
3040001000100320040004000402040304322210001100000024000444321432300010043302044030201004033200403030433300000000002000002221000004033020030200201201001001003014014000222003330004030000440000014004002023003400401200300340100130100002103300001004410032004110
2211000011100001131103041000001420010100001000410400104000040000100000030040040042004032014033001101141224004000000033233330000000010002000430003001032200221300010402020334031323201020134340400001000440000023001300140003003300322243330222122121100000300221
1002004300340021040043003200210010040303020101004040330202010100114003003001104000330012100003400000440241132024134231302414333100043002001240040021010030320010004003020100040201201003002014040400012120420002110440002112440011000332100442200044000001000002
1040320204010010004002010002201034200301400301100333130333002004100002120434220443000000000000001000103100321044030310432104300001430101430301400101400201000201300330003301100023000300044001440432221000130000000400044432143240232040022003001303204000204300
1003010030123020030200403014030100130300220400110301144000033300004324030001321000000432100000430400233001042020200400204300132000301400200301402203001403013010003030021133044000002143330300001000043200431000100004300042100340000031000104020400142010300031
2024141410101010000000000000202001410000020140300000414030200040241003240004243234333431303200034100010041304030102010301000100410000004000304040043043041203010403103303010202000001303040202001020030303000100012030203004040040404030303033030302020200303030
1004030302010100404033020201010002010030201003030200403020040300100301030110301202120302023000300140300010030002003010200301020014240203003040140002000030101402004040131300004040101404312140101333020000101413000020202404010000204003032240301004000000101302
0031000040000401003020130241301400400013022000000101402000040240003240204013010030130204422201020030300200202004013040120300203404310130340101202404000020034100014043023030040000200002002023030433302003020020120100100100001400100302202004003042020044030220
0331403002003320004020044030140300001400202301402023001403013010023020030030120140200200300301400020024014010140142030030130030020013003000014013002420013003000000002401302401302101302401302402400100300300100140300120140040000340000000020024024034030000002
0023200011140400032300011114040002014030102300432014030100030100200304004001001031031431020030403131000003231010003421010000431324000240000134001013000130300013004024133123014313033331334004140300410300410103040103040103040300000333030000002040012111000003
1140030030011040003300121000034010030103011030120212030202300030120202400100031041031032002000004313131010000000003041324102000000013000130002300024000240002400400041100030200013000402041100020411040041103000200443002144002203000330020000000202020424242322
0230110200400120004403130004412330100340021003020430343034322403210310043103200043042303000321023434331032304042404042424242400000120300001400400324004302320441034103310301043234320440044004100030030210330000130444003303411111111141222222043032300001012000
1000330110044022030400301103330110200311020104140402243110320331100034000320014203043400031000414300003000020144423220313201013200340000000020024224004230000002410304403000400314104410330103000041110043000022200041100343000000033433000002223320101011122000
0030002300422001242320222104100300040030013402200100040034013401300404030410300210002301330004300440301100300140330104030110030000032030431320123020123323000000004000314030010020040020140300102301333000100001442303021003302030310100200301012020030001202303
0000440241132024134231302414333101403000100300020030102003010200431313101000000000304132410200002400300333032400030300424220103020302000200200000000000004000004020101010004042323230313031312120204100020000200100010002114221410202011420003010020002040314112
2013324210000210320230300400000041030040300303002010200022041030200020224330020201440000001100003001043020030300204203203042021020201000314000103200303240000243043420331010030000030002120031112000320032340102300230300123000020133020002203000000220420400031
2330211020440024020341024001200014313401431243104200021003000110000100021002011300140024001000204100033041200341041200301002001413000032300101240100030020004012044300033200022100022100010004400030012030030111030141030121144031000003100042420000310100042000
0040330201023020010040201000403003200002040002430021300013200103423120100203000000403423120131200011030044100312011233020300300030202010303220004040010000430202300300200200141440010033032401400010123000001004343203030404222422000002230030223000023300000330
0004300200124004002101003032001014240203003040140002000030101402000130001300023000240002400024002030200020020000000000000400000430002113440033200010043000211000020304000020304000020304000010302401010201302400000201302400000203020442440000000000000233420203
0000443300000000000000002221000010010040000000000000000000010000024140302020100000000404030202410102012012400220000003401231032043330000000000000000011100100033004310321000431000431042100042102020030300003030000414100001020000320333002004020040120043200401
1110000033400023200101040000343003230340000400432032000300024003020042003100200420031002003100200010344020001002112100100210301040330020012011000000040034033002011021230440000200230224400003003020042310000300004231003021000003002040020400230010300103002001
2402400200400000000000000000020044440000000222220000000000044444040000204400002143000000022430002400024000013400101300013030001340002000044004330001000234000200000200043011400100022030203144010024000001100130003000311001011020000400230100340200400230400340
0040030201000402012010030020140400404013130000404010140431214010400041100030200013000402041100020201010100040423232303130313121202030400002030400002030400001030020440104004030030000303224011010220303304024000001102002030030402103104200300000010323421030040
0041000004120300410041003004200300300002103300001004413032004110000100302102001100021003201303210003120000032010042410340430200000000204110000034411000003442000000000000443332211000030000000440000033000010003030303000000033000012012342343040034000300012011
0003321303000222332000001112233000204000014302010204300010300000002303042211043000134000134003040440011001130003403040012000234004300400140111002402200220022032240024134002013001300030303301000401001401013004012004313004300104030100402201403010040100402010
3001042001002000031040031400310400000000434242323121002010000000002301020310023303340103112101431031402103141010314003001400103100042312000103010000423010004030401031201240102341030200122102132002121420000314230301021400000400212040100023300340004120402000
0400012120420002110440002112440013330200001014130000202024040100041104004110300020044300214400220204100020000200100010002114221424010102013024000002013024000002022030330402400000110200203003040331021301000000042033142100100002301340230000001200130124004000
0303042010210001040304002030210231310133100000424200042420000003123400040000012000234011230000400140033040402100303010402020143040004000424100310041010030003100001322100030123344001122330022000200300402003010021402003000020030300021000000410410020033022002
1111111222222222222233333333344440140240141140140030030330030130002002041041030030020000300200200010010024440000000000023322221130014002400200142001320230024003101002004102030010041220410203010043310000210000004300004321004340310340002424002300000240013130
0100100310010001001000100120010011000001103032210000221000322100000010130202013020200303024130300000000000002000000000000000000010102002040203101030414202030020000001223030413300214230202033000010023030314042401234103430403031302200230124021003400400000000
1100033210044220004400000100000200204003032240301004000000101302030003300200000002020204242423221020201142000301002000204031411203020442440000000000000233420203021031042003000000103234210300400230134023000000120013012400400011000322000100000220004130000100
0020104101000010020120301011002000000000002000222322221000000000102032104002010202030403203014200000012344200000123440300112340002004434000003102204000103210300023012400020023002400000012000401100431000020304310300101443003000302004004024110030100102400002
0000023000243223102000100000042410202040104031400001314200010202234002300123400010312244000003240210300000412300100210300103100302300340012400400013000000014000110003000331200100443000423000100030203000210400202004302020010000000000222230000000000242430000
0000043310020000043221000040003200300020002000300330034003010401030401134331040210002043000400030040241301030130400003013010041400020004301340010002200040014101401402212012404000013013312001013211020000043024000330130300004430334104202230014041220200301041
1040320204010010004002010002201000310000400004010030201302413014023011020040012000440313000441232013324210000210320230300400000000004433000000000000000022210000004100000412030041004100300420030303042010210001040304002030210200201041010000100201203010110020
0014000400030400044001400341042343000000000201424200400000010132330000044340000040440300000441002000213100420031004202000310030020202332020304020400404001020303130300022030014010320230304421010440011001130003400043012100233100310332133000000000001020313330
0003430000002321000003222000444103000130020420003003101000310410400102030400203140010403030400100140100021401401114024010140210100004001234002200040022340022000040411000010001041133133440102403001004411200002230000334110040021341141043003203200311010010000
0200232330341030410001020003200020030400400100103103143102003040001123032410033001401431323000000310042100031010003100031000003120202334000000000141022111002003343434303030001001202000202000302002330001444030003311213330120030314000130002300324000240002400
3420030140030110033313033300200400400013022000000101402000040240301003400210030204303430343224034103004030030300201020002204103010010040000000000000000000010000003000021033000010044130320041103131013310000042420004242000000300000000002000222322221000000000
4300000000020142420040000001013211101103314000232001010400003430004342323031000200013011002210000301103431000402011003001003002001100210143204024030303013000402144020103040014201030104000420140330202002300321001030010310303121131012300000400410041042002100
0031123430320320000110044000032002201030304202000000303202000000003002300030000000200010000113123000000004241000102304000010130323002012202104000310023200110001000000240240010014004001303301100403030004030100330201302010014000013000403000302000241000231004
3000104010220011300022400002040101020104001020203040010230304001000043000300403204000043340000020200140002301140033011400330110010410300041240030410400302041230013434102000000202003323321311444000010012023301034004042300303404000004204200404230320102220010
1000021204342204430000000000000000324020401301003013020442220102210310043103200043042303000321022000202243300202014400000011000002414030202010000000040403020241000100302102001100021003201303211234000400000120002340112300004010203210400201020203040320301420
3300000443400000404403000004410000434232303100020001301100221000040310430104002040020400203004040000000003440233412230110000000020014303002001400303002402300002210103420230400430400400430402324044020000000010010120120434230002303341043043130101402021242030
0330032004000222002004020220441000432232020030300000234120000002030301020201010302303032202010102000430202312300420004440004120004011130002000014100002240113000400121000110230410400230400202400000343100004242000003031010040411200440022011000040220002000044
4110030310330000200002200211004410030202004010100302020040101003100021140330004000000204130322200300410300412300010300010300010300240031133001002103220130010130321103300034123110020210202000040010334030132032330332343133043032431000120000031400102304001324
1000103100321044030310432104300000303002002020040130401203002034343433103230404240404242424240003001043020030300204203203042021001020120124002200000034012310320000312000003201004241034043020000140033040402100303010402020143000000123442000001234403001123400
2000213100420031004202000310030003011034310004020110030010030020000000000344023341223011000000000203323030020404202030330100200000002031144001140033000033001000222022200023300023000014000330102000013241424343001301030000100000411043322004000013043120004000
0410323020431020010030022041030020330014132024013001300001400240110002300044332110000000443221101030103040221002030003001020002001200001324002130002131400203401002110430002304430000000321044104020303203012030020001000412014143030404040000000000000000001010
1414020200024040202003030131401240200200140030020100040020020110124002214312300021001203011000004001000131203000001023034000020100000000000100442042214211021200222002221130020432303220003323300020023003000003310330133101410020110200100004042031210200100004
0143010143030140010140020100020104310130340101202404000020034100001203000014004003240043023204412020100031400010320030324000024343330000000000000000011100100033000002041100000344110000034420004000400042410031004101003000310002004434000003102204000103210300
2020233202030402040040400102030301100210143204024030303013000402200143030020014003030024023000020000203114400114003300003300100000122332400300004300000000122332342312010000101000000004040342310000421000431000432000032100042330332032203210010040043004300420
0204103002040030010300204103001010101010102003031323041414141014301003010030140200301003014020041200231003200401200023003400410040001240040002300001240001241340010223102142001334003244000132401100030000443000000033221100444320010004101330003220213004400034
1223344230000000112233344001322323400123013400023412400013402300240133300443401304022414003020013014301430143030301030203010302030330321340210210202100000004004413031000330002200322200222000204231204000333014014201303030003023041001021320002020103040000001
3003300033011000230003000440014401404302303004000020000200202303034103310301043234320440044004100434203310100300000300021200311100431032100043100043104210004210000000000443332211000030000000440013221000301233440011223300220002301240002002300240000001200040
1303000220300140103202303044210114402010304001420103010400042014210103420230400430400400430402322220222000233000230000140003301034231201000010100000000404034231304002103040001021400000213240003012003300404320300100140022100440400000020220200404404010110100
4103023400011030304002010200012103000200404200310030410020000031043102304240000240000321000432241000000000000000444332210044333232234000020340202203441000334021230000001341202010202001102300112002023040111404013130002323210030104001430104001420104011421104
0030430000022001004203200400410204000022440000214300000002143000302020133330200043400100004300020001033323000000004002011100000340200400230300340200400230100340300341042032330310212002003013210213000012000301120313230403112002330400002030400002033400001030
0432221000130000000400044432143204333020030200201201001001000014003003021033000013044400330341112000320032340102300230300123000020200303000030300004141000010200000003300001000303030300000003300200300402003010021402003000020011004310000203043103001014430030
0440011001130003400043012100233103302020023003210010300103103031404402000000001001012012043423002000013241424343001301030000100000004210004310004320000321000423301200330040432030010014002210042000002301031001001001001101001000012234400000001123340000000112
0001300040300031200020100013000242010040413100041340101003420200014013003002000401300200140132030430003020331003004002103210310443000111104000002321010000334303100033104010232030304001022130400000422331100303330020110000044120230100241000001100340220343011
4040000340120030020034042120210100010000001000000120000012000101400202202111303331343400310040410120120130132100130130140230231200010000201302020131202421104142002203100310300030300023010031000020013240423120314430300300201030010020021032142213204304400000
4023204002200300130320400020430000100302202004003042020044030220111111412222220430323000010120002013302000220300000022042040003100320333002004020040120043200401000120123423430400340003000120113030002100000041041002003302200200302004004024110030100102400002
0031033213300000000000102031333021131012300000400410041042002100023033410430431301014020212420300041104332200400001304312000400030332032203210010040043004300420404000000202202004044040101101000001223440000000112334000000011240044303000403010001000210121002
2130200004024030242201011030213312121134041030320210400000103323200310042004200430203101310000230000000003100120104001020000001020424320402002203224000123002010110311003200400031004110130004100041401002030100303020103221113011122000000111220000002233300000
4302121310121010000004020034343031310000030310100034210100004313031004240303101003310003100003342101000031000310310043100100041010000040043203104103103200200000204000001031021232320200204201001020400103010113032333004202000430400010001003200400040004020403
1003010030123020030200403014030103314030020033200040200440301403100033011004402203040030110333012330211020440024020341024001200011100000334000232001010400003430000332130300022233200000111223301111111222222222222233333333344400000230002432231020001000000424
0003430000002321000003222000444100311234303203200001100440000320033003200400022200200402022044100410323020431020010030022041030002041030020400300103002041030010410302340001103030400201020001210001300040300031200020100013000221302000040240302422010110302133
0010024034140130240240010000020100010024001001300020120002002400300024001300013000240013000013004000022240310230000130300001340034000000013232304040000202130303433401043430434443430101243430403131000000003342421012030000042403400043131000441000012310003042
2002010000110041000210410004000000010004000430003200032200221010000441431023221202431001003002212140000230013040003300121000030000400302010304020120100100201204101030023434302010200201000020100040004100104044333110432134103004322210001100000024000444321432
0013030022040011030114400003330000001400202301402023001403013010102003110201041404022431103203311431340143124310420002100300011003230340000400432032000300024003002040000143020102043000103000004014024014114014003003033003013010202040104031400001314200010202
0300013002042000300310100031041002201030304202000000303202000000004322320200303000002341200000022033001413202401300130000140024010101010102003031323041414141014030002004042003100304100200000314201004041310004134010100342020012121134041030320210400000103323
0001002400100130002012000200240000000014030300000201403020104221023020330030030030041041010410424200004231202031100040200040330001001211330040000000100324133004002320043031001240020023420303000120013301310030100413020240004000104002001030020020410301204002
0024001300100002400130023000240000310410020020030031041002002003230000104300022403001340030232034103041030010300103001030010300200000011223040000000001122334400040400004040232222123230404043301111100000000003030303000300030430001004330204403020100403320040
0043240300013210000004321000004302302003003012014020020030030140100034000320014203043400031000410001000210020113001400240010002002004200310020042003100200310020002303042211043000134000134003040020020410410300300200003002002023400230012340001031224400000324
4001020304002031400104030304001000300230003000000020001000011312030301020201010302303032202010101100023000443321100000004432211030100301003014020030100301402004043102304240000240000321000432240140130030020004013002001401320320031004200420043020310131000023
3000240013000130002400130000130002302033003003003004104101041042000134030011340000234000000023400020300203001020410204100400204022334400000000000112233011223342402043300100030303010220303030300000030444422022111102020444433303320040301004040200443302002030
0033311300440000032111004400000303040010403104021000204002030000300300230200141140030030002401403434340000000000000000000000002030034104200030031041200000301341100410333203411000303000200413041120033334334100000310302400300030304333000000000020000022210000
0400233001042020200400204300132000200240140101401420300301300300430000300002014442322031320101324100033041200341041200301002001400103440200010021121001002103010044001100113000340304001200023400010010024440000000000023322221102103000004123001002103001031003
0140100021401401114024010140210130000000042410001023040000101303200043020231230042000444000412001030103040221002030003001020002012002310032004012000230034004100100000000000000044433221004433320430003020331003004002103210310400000000031001201040010200000010
4000022240310230000130300001340042000042312020311000402000403300002030020300102041020410040020400340040100120023004004001001200300001130100032212110433033220044001033003310032013201310430003000042400020311410000203010040402030001400002400131300024000034001
0141000002014030020043423020004010000004000304020341023041203010404040303030330300020204003030301003010301403010001003020030003000404013130000404210140401414010000100004000040300102013024130440030100200032004013040120103203404033020030200201201001001003014
0030140020030140220300140301301020013003000014013002420013003000003400000000200242240042300000021300003230010124010003002000401240330020012011000000040034033002043004001401110024022002200220323001400240020014200132023002400302300340012400400013000000014000
0000400123400220004002234002200023002012202104000310023200110001040111300020000141000022401130000120000132400213000213140020340140001240040002300001240001241340322340000203402022034410003340214300011110400000232101000033430320424320402002203224000123002010
3400000001323230404000020213030301001211330040000000100324133004223344000000000001122330112233420000113010003221211043303322004403304323330432442033144203302322000000000000000000043030303030304133143110010300000042010044234100000444002222300101013034242012
0000021000400211004002114040011100242001001414014000130130000200020010443004101000020000322104100404101000330000401120034300000002114430300022001021203102430300200040000240142310103031103302001041303204402100020410100030033001400022200333000403000044000001
0030300211330440000021433303000000000240130240130210130240130240410304403000400314104410330103000443000332000221000221000100044001102123044000020023022440000300240024134002013001300030303301001010020041020300100412204102030111000300033120010044300042300010
0404110000100010411331334401024000000024024001001400400130330110400121000110230410400230400202400021104300023044300000003210441001022310214200133400324400013240230000001341202010202001102300111000331040102320303040010221304011031100320040003100411013000410
4334010434304344434301012434304000232004303100124002002342030300402043300100030303010220303030300010330033100320132013104300030000000000000000000004303030303030124032300234313021242004030303001010003004040001414141414030302010000001000000100000010000000000
2000300412003000300412003000410003400340040004000400100011001001043000200043204300020004320431000003013400100130130002011002300030004000011000320033004400041000030104004011401003403220013040020423004230022103403303210300330040040020230034004012003003401001
1000043200431000100004300042100324001003003001001403001201400400004111004300002220004110034300000030012030030111030141030121144030200423100003000042310030210000040100140101300401200431300430010043310000210000004300004321004300302030002104002020043020200100
3001004411200002230000334110040004030300040301003302013020100140000034310000424200000303101004044020303203012030020001000412014111000300004430000000332211004443200202304011140401313000232321000000422331100303330020110000044100414010020301003030201032211130
3131000000003342421012030000042401200133013100301004130202400040000003044442202211110202044443330042400020311410000203010040402041331431100103000000420100442341101000300404000141414141403030200000000000040040040440432432421401000201300001300041301040301040
0201403340030040201423210003010024000240000134001013000130300013000003310300003030200121413000031000004004300310410310320020000040004130003020001300040204010002023011000040013010440010000440233434303030304040404000004040400030100002103300001004410032004110
4000003100010402040014201030003100340000000020024024034030000002000334330000022233201010111220003100000310004242000031010004200003002040020400230010300103002001040301004022014030100401004020104031034000242400230000024001313000000000222230000000000242430000
2134114104300320320031101001000000013000403000302000241000231004112004400220110000402200020000444303040404000000000000000000101020010004101330003220213004400034301040014301040014201040114211042023010024100000110034022034301111122000000111220000002233300000
0340004313100044100001231000304200104002001030020020410301204002033200403010040402004433020020303000140000240013130002400003400100000444002222300101013034242012100000010000001000000100000000000100020130000130004130104030104003302300120010000440441022012000