0402020000000000003040202000000040000002000030100003000010000301000020030000100200100300401400002002000000100103040010010003002200200030001400000004000200010000200001300002400303000014000023220000330000000402000011000000120002300000000000031330000000030323
0000000000000002000000000000000000000000000000312211000000030022000110000000300200003311000004110000420000030003420000420303312203100400003000420001000400031000000100400000020301003003130400020100000003004003004002001002001000230323212323302023203340202322
0000000102040002002030400000000100040303020201000000000000403002301000030100004220040200004010040300400001001003004000010020102340010010003003023000000200200200003000100030002000200040002000422000010000140003400004000004000000012400001243030001200000124022
2140000000000114000000000010204000000000000303000000000000001122001000000000000204422201100000000043100303033420000000420000002100000210000310020311000421000422030003230041000300002000010041220002020202120012000204024202220001020203021202021243020202012200
4000000200003010000300001000030100200030001400330004000200010023023000000000000013300000000000040001100000003000300033110000044100010040000002000100300010040033000000010204303030203040000030310300400001001003004000010020100420000103304430014000040000343000
0000000300000000000000000000110300000210000310000311000401300422010000040010000010410000000420030400040403040203020231323001000030030313010010004003003002002000000020000002000030003000024000001300030000000000000000404232210303000031000300034000410004100040
0013030400104304040030000400300300301000030200004300302000040200003002400140000000001000100030033400000001123000000031134000000000033300000303043313000000404114000300040001000100010031303200300001040000033040020103000010400302010010040200000003010020340301
1000100000030040001403020001000300000000010022244000000000303000000000230300043100004313030004240100400400410020040002041002302000000313102020203030404003030003300400001400001002001003004003300204330002000004000013000022030013413140323000303030403130403000
0000200300001002001003004014000002300000000000001330000000000004031004000030004000010004000310000004030302020100000000000040303020000100001400014000040000040000004310000000343100000042000000040000000104003000020000300100002030030010010010114003003002002002
0000000000000000000112231234340000020041003100410020002003000300003010000302000040200020000402000002400001240011120000020000012010000331000003000000310000030000000104000000300102030000001040000040030104010000210101040104001020001101010101000000000000000000
0100400400410020040002041002004003000020000202104010040100401003130000000220000001130000000200000010000310000310003100003000001000000000100030000000000001010302300040002000101024000300040002000000043322200000000000443332110000400200300200404100004000003004
4000000010000000100300300403004000000012230000100000143040000000100400003000010004000030004100034030400040403040202010203010201000130002300004000100001300024000000000004321000000003210000000130003002000020010400100004001010004000402000000000300200400300300
2002000000100103040010010003002200011000000030003000331100000441000403030202010000000000004030302140000000000122000000000010204301000001001000001341000000042003003000300100014000000340020002300000032000002100004210000410000200301000030200004020002000040200
0000000000000021243434000000000300200103002002040030000400400000100010000200004000140004000100030020000200002000001000010000100003000020000202004010040100401001101101100200200000001001001000000002040020400012010030000103001030020000140000211003300003000034
0300100420004001310003003010342340003000400000101003003004030040000040423311100000000000000044010000102040400003030000000010300013000010300001330000032000002003030003004000400030003000200400030100040200000000030020040030030311000000044111000000004121000000
0000000000000000300002020302030000000240000000130400000130300000004100100400410010010030030001033000400400100030030004002000003200322000000110003043200000002103040002020000000040400030301010402434030000000013240000000003040121033020303010043010333000323010
0020003000140000000400020001000000010040000002000100300010040033200001000014000140000400000400000100000100100000134100000004200300002000000200000020000002400000001000040010400104003000040030003400000001123000000001334000000000010400000030000203000000134302
0000000001002224400000000000000000000010102020203030404000033022101101100200200000001001001000004040202000000010000303010000000200000433222000000000004433321100020000002000020200000023020230220000000022010000003110010001210000100100400002013000010340001202
0041000043000003200000210000010001030402000000000300200400303322000420000300003000040000300004204001000300030010004001000200030203000300041000100200030004000410004000100003000100013000300040220000003004004200200000030040042020000030001143131400003000003002
0100004000003004003003002002001000002400000032000002400000232022000040010010300003000040020000201444000303002210000000002300000200020304030013210300040302000040000000030000101213434040000003200300000002000200022012201220423003030002020202020202020202020000
2000013000024003030000140000232200000001020430303020304000003031004310000000343100000042000000040030003001000140000003400200023000100004001040010400300004003000100000000000030303000000000030113003004004000003003004004000000301004002302130200400020410320040
0000000322224242030000000001122302010040200003000040000031300030000010022000400031000300001004232400000120000012300030033000003443304003404030400020402010100013004103002300000300303021000001000334000240014010040002003024311330101330200203001030102020240020
0300000000330001000000001422410330004304301000400130340020000002020000300400230303000104002003030000000000000000000030300000000003003000000343010303100200001000000300420030002004100230310040001444000000002202000303002300000340200004000301000040200040300301
0000004103031032120003240001000300024000010000004000013000314000000000030310102220200003030000040000000210000044200000001100003423003300100000304000140004003303300200002040011010300003000030302303010423231012000000000003030321400130303430303230003130443030
0000330000000402000011000000120003004000010010030040000100201004000000010400300002000030010000200000032000002100004210000410000234000000011230000000013340000000300300400400000300300400400000030002040003204302020003103301010000100003100003000031000030000010
0000000113404000000000012340000001401430330300010000020010312023000010204040000303000000001030000000200003000311003000030000300001323040400000000000000000010232400100330003030100400100023033200000000000010001040000010001000023000320013101100020003000011003
0000000000000000000000000000000000200020003000400020002000103040040403030003040202040203010203010002000100000000004000000400040010010000000000000000000000000040100014300200010000200022003230200030301000000003020002000040004001003000100300100030020003002000
0000443321000000000000004433110000140030300002000014000340300320020100004310030001000340332003030000001001001011002002003003003011000000023303010300030210000000200000100000230000340000133003240020000102003200040042400203020004020300030020030010000000300400
0230000000000003133000000003032320000103304430014000040000343000300300100100101140030030020020020030100003020000402000200004020000010400000030000203000000134302010040023021302004000204103200400010000310000300003100003000001003000233222000100000004433321100
0300031223033310300044302003300000130002300004000100001300024000040002020000301033000004303033000402010030002020200000030200000003103300303204100040320430034030000000303400420020000003004004200010020110121010020000030001320231100000000000011003341120000020
1444000030320201000000002303000030002400013000200002400130000000300200300000400000000000000000000030301000000003020002000040004000000000400030030400200002010010040002004000200400020040002004000032000431000001000004000004200000000404034343310100000000000000
0000013320303002230000000032400000200003000200003000200003000200030013030030040000040200300130303404320232003010300010402010200003204001343040300000002040323400300230010030042000000400020040302000041000003202000410000030030030202000000000200000000000000000
0000000000000002000000000000000000000003000000000000000000001103000000000000000000011223123434000000000000000021243434000000000300000000010022244000000000000000000000032222424203000000000112230000000113404000000000012340000003000312230333103000443020033000
0000021200000000003330000000012000001233000000011230000000034000000002400000001304000001303000000000020300000204000000220303001300002443000023000000130000011200000022030002340000024003030340220002240100100000013100011301001020014200013400000300000000100222
0002400301000000400001300001400000040300024000130000240001100022000300003300003000014000140000240014000030000210001400034000230200130004300014000240002400030000002400040000300014000300000000300020000300020000300020000300020000300010001203100003400140002002
0010002200300010001400040002000300200030000303300140003004200002003000400030000101000000020001000040010303031310100030002000400401300103040014004002000200040020014002001000200200030020001003200000020020010212022003000000220103030300000302020242000232040014
0000000000000031221100000003002200000210000310000311000401300422000200410031004100200020030003000020010300200204003000040040000000000010102020203030404000033022020100402000030000400000313000300140143033030001000002001031202300130002300004000100001300024000
0000123300000001123000000003400000000030000000000444444442221242003220000001100000432000000021000310003000100031000330304004100001002000001001002000001004032000000203040000102030303103040000403040200000030213000000303131000210140010100100300120002320200021
2000300010002300100014000203030023000001240000010330300400000234112334003440030203000000000000001100000004330000000030321200000000004000042303001303010003330003000000200400010040001033300100200020400104031032000303204002040004040003040003030402030432320301
0000031004040032000103431001300001300100020044102002300200340020030403300200003200003003034030033000301232043010300031221400003000003024412120000000000030300000043000000210000032000043000000012200232004000402030002000203000022002030020000210400300100300104
0001100000003002000033110000041101000004001000001041000000042003003010000302000040200020000402001000100002000040001400040001000310110110020020000000100100100000000010022000400031000300001004230000102040400003030000000010300004000202000030103300000430303300
0000024000000013040000013030000000322000000110000043200000002100010000400000300400300300200200100020000001010000401000040100000030002403013000200002400130000000000000000000000100000000303000200004000110002000300140010001010020000030304001010203030410101020
0140030300040030020020010014003000000133400000022300000030144020042100000431000000310000042100000104000003002013001000000030040030001000020040402000030200003010300003000030000300003300033002101020000000000000000000000000000010041004100410141000200020001000
0000000330203301030000020300020000000000000100000040030033320034000011133000030111230300030030200441000000200010441000000200000302000033020000010400300100300104402004030100001000040200200010221000020000100202320011000320020313030300000000000000000004034232
0000420000030003420000420303312204000404030402030202313230010000000240000124001112000002000001200020000200002000001000010000100040402020000000100003030100000002240000012000001230003003300000340000200003000311003000030000300004020100300020202000000302000000
0000020300000204000000220303001303100030001000310003303040041000002000000101000040100004010000003440000000123010000012300000000000020002000300030003030213041000020000302000020000301003020000300010111203010010000133410100000233100210410030013000100000040023
4010030200400003000033030101004022200000000000000114440000000000000100300010030001000100300010030200300003003010040040100400002003000300030101313404000333003000010030000002303034100100300300024300000023030040000100203300100022211333204023103000300000000000
0300030004001000003033301004304030000002301032101004303003000003000000000000000000000000000000003100000034004004100003004004002030010030010010000010301030003003101000000000000000000000000000302020030010000302400200004002032020002400300000230030020003003001
0310040000300042000100040003100030030313010010004003003002002000100003310000030000003100000300000300002000020200401004010040100100000433222000000000004433321100433040034040304000204020101000130132304040000000000000000001023203103300303204100040320430034030
0000244300002300000013000001120001002000001001002000001004032000300024030130002000024001300000000002000200030003000303021304100001000300200040030000004002001001003200043100000100000400000420004000040100200002000110000041000320000000000331200000001004331100
0404000002000000000030404010202000000000000000000000004131032141000102040000000000010304000030401300000000230010001240000000134200300403104000103004003003002000001400023003040000300331300023220300420001004001440033001300330440014004001200000140010014001003
0000310300310000430003110000230002003000040320040100303400002020000431000000004310000000000432003030201313040413030000000040101212011004120112012231223122312231000010202000000101030330302020000000013300000000244402000201300000010320000010300102024300021000
0001004000000203010030031304000200002000000200003000300002400000000104000000300102030000001040001011011002002000000010010010000002000000200002020000002302023022004103002300000300303021000001004001003300030301004001000230332000000030340042002000000300400420
0000220300023400000240030303402200020304000010203030310304000040000000000000000100000000303000200200003020000200003010030200003000320004310000010000040000042000200020324002000400230300300000200000000002000010210301400410010230102310001014011020041020212320
0300000203000021204303023204340010200000000000100030300000000000000003400303020243203003300000100030000020000330300400300420000433010300430100000330000330103004000000100100431430000000320040000000220000000041000300200000002430013103330300002030300030310104
1000000000300302303033033403423232002020340200402004020040000402041100340030001200021003001000024000200030004001400000013002403200403030400020023000340040040002000001340000001340000001240000300000202224230202001000203003030020002000200000200004404422222000
0100000003004003004002001002001013000300000000000000004042322103004003010401000021010104010400100002040020400012010030000103001000000000220100000031100100012100033400024001401004000200302431130000000000010001040000010001000000100201101210100200000300013202
0002240100100000013100011301001030402000000302130000003031310002000400011000200030014001000101000010111203010010000133410100000240000401002000020001100000410003000000000200001021030140041001020001010101010110010101010001000030020010030020004003000004003002
0020000000300204103002001000040000110442100001100100003431000000400030003000000030014000200040020010100010111313001020400000040000031000004310000042000000311000201002000003011020000340001140000400000003040400030404000104020200401013101100100400000000000000
1400030013000000132000000320000002110000310104040100001032000421030002000300410000003100200030002243141111101010000011400000000002002303000000030040140000300300010011020010010040040020040032241011010010000000000000000200020003000302020232020020002001000400
0023032321232330202320334020232203000031000300034000410004100040200011010101010000000000000000003002000014000021100330000300003400100100400002013000010340001202301013302002030010301020202400202300032001310110002000300001100331100000000000011003341120000020
2001420001340000030000000010022210140010100100300120002320200021200000303040010102030304101010203310021041003001300010000004002320000000000331200000001004331100301023100010140110200410202123203002001003002000400300000400300203011001001101012110204020304032
2401310100030142002211220312310200000000312000010013200000004200200003200200020121002000204420023003000300300030230010104003002424030103000100021221020222022002010010040030040010002011102002203000023102001104200101422000204430003001034000002000212300100020
4000420202100202002421200022204104030000000040403000200000111121210002001210320310400201214020020000041000043100204320002100100320001010001012343420202021210002300020002000130012000200010001402403020222220203000202424200040120042030210300222024204011232010
0000000102040002002030400000000100130304001043040400300004003003010040040041002004000204100200400300100420004001310003003010342300410000430000032000002100000100030000000033000100000000142241030000000000000000000000000000000014440000303202010000000023030000
0002400301000000400001300001400020003000100023001000140002030300014003030004003002002001001400304010030200400003000033030101004004040000020000000000304040102020030000020300002120430302320434000020000000300204103002001000040024013101000301420022112203123102
0003200041000210043000410303030404410000002000004410000002000003200000000000043231000000000000420000000000000302000000021113232133000000012330010000120000000004002300001403032100002300004000104000200030004002400000013002400200401000001302021002001401000003
0013010200004310000100302000040004000403020102033201000101000022000102000010100100010400000040000020020313410402300300200000004203030400400023030002004000400010000411000300044130030000400003200042000000342000004201000204120013030300000000024321402302020000
0004030302020100000000000040300200301000030200004300302000040200030000200002021040100401004010034000300040000010100300300403004001030402000000000300200400303322300043043010004001303400200000020020002000300040002000200010304030002400013000200002400130000000
0004030002400013000024000110002223000001240000010330300400000234000001334000000223000000301440202220000000000000011444000000000000000000000000000000004131032141102000000000001000303000000000000011044210000110010000343100000000000000312000010013200000004200
0441000000200000441000000200000303003100033100104003031100002000001003200301030110001000230030100003000200040003030330310003000203002304230403020013000031001100004004004004000003000030000200200203002000004030010303410300100000104001040010400101001000300204
0000020300303030002030000400001000040000100010102030103040200000404030101010000000000003020404040403000000403000000302000040300030103030004020040230101000030100020030000200100200001002004010310004204023204000001002001000031020302200240010003002000400400100
3010000301000042200402000040100400300240014000000000100010003003130000000220000001130000000200000000404233111000000000000000440100042000030000300004000030000420020000300400230303000104002003030404030300030402020402030102030130020030000040000000000000000000
0003000033000030000140001400002411233400344003020300000000000000042100000431000000310000042100000001003000100300010001003000100300010204000000000001030400003040000003400303020243203003300000104000300030000000300140002000400220000320020002012100200020442002
2000000000000432310000000000004200100320030103011000100023003010001000000030020000400200100004004030404010101010000004040304040101000000400003420100100300200000200001200001300000240300340000000000000000000000000000000000101000000430000043000004300000430000
0100300010030322021003000000100300000010404000000303040000202000400002000020000400002004020040100020002000100004000400030002000113040000000130420300001012400000000443300000000000440000000000200000200020004100410000100010023043010310400300222001000030010000
0300400001001003004000010020102334000000011230000000311340000000001000031000031000310000300000100000102040400003030000000010300040010003000300100040010002000302000000000000000000003030000000000002000100000000004000000400040000303010000000030200020000400040
0014000030000210001400034000230211000000043300000000303212000000010400000300201300100000003004000200300003003010040040100400002013000000002300100012400000001342003000002000033030040030042000040010100010111313001020400000040030030003003000302300101040030024
0000000000000302000000021113232100030002000400030303303100030002403040401010101000000404030404010010000040002400030001200004000203000300030440210300000330440201010010020000000000410400010410000100030003010341030200000000310013000000320000002140300013300000
0430000041000004100030010000320000002040020404001030010303001020200100040030020010004003002001000000000000000003334444000000003010030000200010002000013031000200000030403040304030402010201020402010000400024002200000000203043030002000200024041212100000000000
4001001000300302300000020020020000033300000303043313000000404114000000001000300000000000010103021300001030000133000003200000200303000300041000100200030004000410030030000003430103031002000010001001000000000000000000000000004000000000400030030400200002010010
0013000430001400024000240003000000004000042303001303010003330003300010000200404020000302000030100300030003010131340400033300300000300403104000103004003003002000330103004301000003300003301030040003100000431000004200000031100024030103000100021221020222022002
3300000001233001000012000000000403002304230403020013000031001100010000004000034201001003002000000300030003044021030000033044020100000102000000001010000000010404000330000130000220000020000004000002000020003000000002000300003020000200402303020033000200200004
0000000000030302030300000000000000104002030330020100003004040042240000000300013000240002000300010010000133000012000410000430000004020100003323120100000000003020213040000000000001024400000000200100104100100000000000300400220204230000030004024001400402100020
0030001000300020002000400020004200030004000100010001003130320030300040002000101024000300040002000300030040004000300030002004000300400010000300010001300030004022000300420030002004100230310040001000143002000100002000220032302004000200400020040002004000200400
0024000400003000140003000000003000000020040001004000103330010020300003000030000300003300033002100100300000023030341001003003000200140002300304000030033130002322000000100100431430000000320040002010020000030110200003400011400001001004003004001000201110200220
0023000014030321000023000040001000400400400400000300003000020020200001200001300000240300340000000100100200000000004104000104100000033000013000022000002000000400003002003031303030340043030030234300032403003041030024003003300001000020030010010000030430200200
0302330003033301003000332300300200400100003002000041030030310000230000320030001240000002030000030204002001030010020400300104003000004430000024400001033030001300002000040020300200004002000030324300202032102002120002000003030020032000000220000000030020300204
2000010000140003400004000004000000010400000330400201030000104003000004332220000000000044333211000100040200000000030020040030030300000030040042002000000300400420144400000000220200030300230000030030301000000003020002000040004000320004310000010000040000042000
0020000300020000300020000300020000204001040310320003032040020400102000000000000000000000000000004300000023030040000100203300100003004200010040014400330013003304000022000000004100030020000000240400000003040400030404000104020230000231020011042001014220002044
4000200030004002400000013002400202030020000040300103034103001000000000000000000000000000000010100100030003010341030200000000310000020000200030000000020003000030430003240300304103002400300330000040000002020204040000000020204000443000000000021100000043310000
0030020004031002300003040040010000300300300330100300300303200220013340400000000000000023424000004020000402000040200003010000301004100002000130024113032000030000001340002400302000010000120000440000204000000204001030400201040303030300000044242000000000000434
0001240000124303000120000012402202010010040200000003010020340301004002003002004041000040000030041100000004411100000000412100000020000030001143131400003000003002402000040003010000402000403003010100300010030010003002000300200000000404034343310100000000000000
0030001000120310000340014000200204040003040003030402030432320301100410041004101410002000200010002221133320402310300030000000000040014004001200000140010014001003300131033303000020303000303101040040101310110010040000000000000030003001034000002000212300100020
0040100000130202100200140100000300104001040010400101001000300204000004300000430000043000004300001300000032000000214030001330000020000200402303020033000200200004010000200300100100000304302002000044300000000002110000004331000000010000140000034000240000230000
0202040043201300000103402013300000010030020040001003003000100200130003000300030103432232110030002400000002000100003000133004003140303020201010000000000030300004030003000300010002000200020003302000000000000002000000000003030021402100210034003400400000014002
2140000000000114000000000010204010001000000300400014030200010003400000001000000010030030040300400000000000000000300002020302030001000040000030040030030020020010000000410303103212000324000100030000443321000000000000004433110000000133203030022300000000324000
0010002200300010001400040002000300000310040400320001034310013000000000033020330103000002030002000300030004001000003033301004304000003103003100004300031100002300100000000030030230303303340342321400030013000000132000000320000040004202021002020024212000222041
0013010200004310000100302000040000000203003030300020300004000010010030001003032202100300000010030430000041000004100030010000320000000000000303020303000000000000030233000303330100300033230030020030020004031002300003040040010002020400432013000001034020133000
0000204001010300200002020400104000430040003004300400030043004000100000330000002200000041000003310132213221040302000000030000000220000014030324020013030314000013000300100020320040020010003003204040100000040304010000004030120003000300300002010030020000123002
0000000000030300000000000000112200000000010022244000000000303000000000122300001000001430400000000000024000000013040000013030000000002400000032000002400000232022000240000100000040000130003140000014003030000200001400034030032000200003000200003000200003000200
0020003000030330014000300420000201300100020044102002300200340020000000000001000000400300333200343000000230103210100430300300000302003000040320040100303400002020320020203402004020040200400004020211000031010404010000103200042104030000000040403000200000111121
0400040302010203320100010100002200040000100010102030103040200000000000104040000003030400002020000000204002040400103001030300102000104002030330020100003004040042004001000030020000410300303100000030030030033010030030030320022000010030020040001003003000100200
0043004000300430040003004300400000000003403300201003403030031020030323302330000102200321000330030000310004200001000041000330002213002400000020010021000041300041100000320000044100000022000004112000202002302022200240200202413020002000204302112000200000321100
0010000000000002044222011000000000000023030004310000431303000424100400003000010004000030004100030041001004004100100100300300010300004001001030000300004002000020000000030310102220200003030000040201000043100300010003403320030303001303003004000004020030013030
0030004000300001010000000200010003040330020000320000300303403003000011133000030111230300030030200000000000000000000000000000000000043100000000431000000000043200041100340030001200021003001000020300020003004100000031002000300021000200121032031040020121402002
0001020000101001000104000000400040403010101000000000000302040404400002000020000400002004020040102001000400300200100040030020010024000000030001300024000200030001230000320030001240000002030000030133404000000000000000234240000013000300030003010343223211003000
1000003300000022000000410000033103032330233000010220032100033003004000200400010400020040001002000010000100004000040030000300003000000003033030324040000303000203040100301000200004010000302023200200200300200000001000003003023004330430030002020400130013003000
0043100303033420000000420000002101004004004100200400020410023020403040004040304020201020301020103000400400100030030004002000003214440003030022100000000023000002000000021000004420000000110000340000001001001011002002003003003034043202320030103000104020102000
0040010303031310100030002000400430003012320430103000312214000030044100000020001044100000020000033100000034004004100003004004002030302013130404130300000000401012400020003000400140000001300240322243141111101010000011400000000000000410000431002043200021001003
0020020313410402300300200000004204030000004030000003020000403000002000200010000400040003000200010000000000000003334444000000003000100001330000120004100004300000020400200103001002040030010400304020000402000040200003010000301024000000020001000030001330040031
0132213221040302000000030000000200003100042000010000410003300022001000010000400004003000030000300200003000040200002004040000200303200002400014010300003000020004000000000000000000000000000000302213033003021300400303130230030210022400403022032010000122034020
0000021000031002031100042100042200000313102020203030404003030003001300023000040001000013000240000032200000011000304320000000210300020304030013210300040302000040230033001000003040001400040033031100000002330301030003021000000003204001343040300000002040323400
0130010304001400400200020004002000003024412120000000000030300000020000330200000104003001003001043001003001001000001030103000300312011004120112012231223122312231004030304000200230003400400400020200230300000003004014000030030020001010001012343420202021210002
0303040040002303000200400040001030103030004020040230101000030100130400000001304203000010124000001003000020001000200001303100020004020100003323120100000000003020000044300000244000010330300013000410000200013002411303200003000040303020201010000000000030300004
2000001403032402001303031400001313002400000020010021000041300041000000030330303240400003030002030320000240001401030000300002000400420303000320000000310000003310400103040010203001020300002030002000400020003000100020001400100023030300004312020000000431340000
0300032300410003000020000100412230040000140000100200100300400330000000004321000000003210000000130400020200000000404000303010104000000003000010121343404000000320300200002040011010300003000030302000001000002300003400001330032430023001003004200000040002004030
0140020010002002000300200010032004300000021000003200004300000001402004030100001000040200200010221010000000000000000000000000003000001020200000010103033030202000000001340000001340000001240000300100110200100100400400200400322430002000200013001200020001000140
0004110003000441300300004000032002003000020010020000100200401031000443300000000000440000000000200000304030403040304020102010204021304000000000000102440000000020002000040020300200004002000030320013400024003020000100001200004403000300030001000200020002000330
0003001000203200400200100030032010000032000004410000002200000411040100301000200004010000302023200000000000000000000000000000003040010304001020300102030000203000130030303000002130000003343000202314232320230324232423432123020020300040012000400100024001000000
0002020202120012000204024202220002043300020000040000130000220300000300200002001040010000400101002434030000000013240000000003040103000000020002000220122012204230230301042323101200000000000303030020000102003200040042400203020020000410000032020004100000300300
0000020020010212022003000000220122002320040004020300020002030000100002000010020232001100032002032020030010000302400200004002032000000133000000002444020002013000000020222423020200100020300303001011010010000000000000000200020024030202222202030002024242000401
0042000000342000004201000204120000042040232040000010020010000310000020002000410041000010001002302010000400024002200000000203043001001041001000000000003004002202430020203210200212000200000303000000204000000204001030400201040320000000000000020000000000030300
4040100000040304010000004030120020002020023020222002402002024130020020030020000000100000300302302213033003021300400303130230030220004000200030001000200014001000231423232023032423242343212302000000300000020000013300000330001000010300103000010000203000020000
0102020302120202124302020201220013413140323000303030403130403000040004020000000003002004003003002103302030301004301033300032301003030002020202020202020202020000214001303034303032300031304430300402030003002003001000000030040030202000000000200000000000000000
0303030000030202024200023204001422002030020000210400300100300104130303000000000000000000040342322000240030000023003002000300300100010320000010300102024300021000200020002000002000044044222220000300030202023202002000200100040020042030210300222024204011232010
1303030000000002432140230202000020302200240010003002000400400100430103104003002220010000300100003000200020002404121210000000000004230000030004024001400402100020200320000002200000000300203002040303030000004424200000000000043421402100210034003400400000014002
0300030030000201003002000012300220002000204302112000200000321100043304300300020204001300130030001002240040302203201000012203402023030300004312020000000431340000203000400120004001000240010000000001030010300001000020300002000000000000442100000000044220000001