0402020000000000003040202000000040000002000030100003000010000301000020030000100000100300401400002002000000100100040010010103000000200030001400030204000200010000200001300002400003000014000020000000330000000400020011000000120002300000000303031133030300030304
0000000000000000030103030000000300000000000000332211000000000000000110000000300000003311000004110000420300032020122020122120310003100400003200400001000400031000000100430000020001003000100400300100000003024003004002001002001000003003030000300003001020000300
0000000102010000002030400000000100042321320201000000000001400030301000030102004020040200004010040300400311001003004000010220100140010010003203003000000200200202003000133030002000200040002020202000010000110001400004000004000200012403301240000001200021321000
2140000000020112000000020010204000010000000100000102000100001100001000000002000004422203100000000043100300003420000000420000000400000210000310000011020121000422030000230041000300002000010041000000000000100310030002004000200001000004301000001041202000042000
4000000200003010000300001000030100200030001400030004000200010000023000000000000013300000000000010001100000003000000033110000041100010040000002000100300010040030000000010204000000003040000000010300400001001003004000010020100120000103001400014000040000040000
0000000000000000000000000000110000000210000310000311000421000422010000010030000310410000000420000400040403040203020201020001000030030010010010034003003002002002000020000002000000200000024000001000000000000000000030404232210003000031003330001000410004100040
0010000400104001040030000400300000301000030200004020002000040200003000400140020002001000100030003400000001123000000001334000000000033300000000343010000000404111000300040001000100010001003200300001040000003040020300000010400002010010040200000003010040040301
1000100002000040001400040001000000000000010022244000000000000010000000200000043100004310000004210100400400410020040002041002004000000010102020203030404000000000300400001400001002001003004003000001300002000004000013000124000010110110020020000000100100100000
0000200300001000001003004014000002300000000000001330000000000001031004000030004000010004000310000004030302020100000000000040303020000100001400014200040000040000004310030300343010101244020000040000000104003000040000300100002030030310310313332331301032332300
0000000300000000030212211034320300020341003100103000320230300300003010000302000040200020000402000002400301242000120001030100012010000331000203000000310000030000000104030000304002030000002040000040030301000400230000010004031300001003000000000000000000000000
0100410203410020040002021303004303002043300202304040303231203003130001030020000004130003030200030010000120000300003102023200001000000103130030000300000301010302300042002201100020020300040002000000043120200000030000443332140000400400120300102232304001000004
4000000313000000130300300403034300000212000100003132143140300000100400033300020002000030034103014030400340403040302010203010201000130002300004000300001000024000000000032321003000003240303000430003002000020010400100004001040001000400300000303330200430100300
2002000000100100040010010103000000011000000030000000331100000411000403030202010000000000004030302140000000000112000010101010204001000001001000001041000000042000003000303100014000300340020002000000032000004120004210000410000400301003330200004020002000040200
0000030330000021213434000000000000200103002002040030000400400000100010000220004000140004000100000020000200002000001000010000100003000040000202124012040302401003101101100200200000001001001000000001042020401002000032020103001000020000140020200003300003000014
0000100420004000110003000010042040000000100000001003003004030040000043423311100000000000000044030000102040402003030000000010300013010010300001330000032000002000030003004000402030003010200400130101040200000000030021340030030011000000044131200000004221000010
0001000000000000000002020302030210000240000020130400000130300010004100100400410010010030030001003000400400100030030004002000000200322000000110000043200000002100040002020000000040400030301010100134000000000011240001010100010101000040000030040030030020020010
0020003000140003020400020001000000010040000002000100300010040030200001000014000142000400000400000100000100100000104100000004200000002000000200000220000002400000001000040010400104003000040030003400000001103000000101334000030000010400300030410304010000104000
0000000301002224430100000000030000000010102020223232424000000000101101100200200000001001001000004040200000032020202323242020000000000433222200000000004433321100020000002000020200000020040200000000000422020000003010000000210030100101420002013000010040000200
0041000043020003200000210000030021202403320000000401210400302300000420000302003000040000300001204001001412030000014303000200030003000300041200100200030004000110004000110203000101033000300010000000003004024200200000030040042020000030001440001400003003033300
0100004000023004003003002002001000002400000034000002400300234300000040010012300003000040020000201444000000002200000000032300030000020304000010200200010304000040000000303000101233131043030303000300000000000000002010201020403000000000000000000000000000000000
2000013000024000030000140000200000000001020400000000304000000001004310030300343010101244020000040030003031000140003003400200020000100004001040010400300004003000100000303303002020232303030300433003032004030023233304004003000001304004304100200400020410020040
0003030322024404030000000334122002310340200003000040000001000030000010040020401334033330034004202400033120000012300000230000003440304000404030433023102333102010004100004300000320000001303001000034022200114000140132000120011400001030403233002030100020240010
0010022000333212000130013023120130004034304000400420240040200012001302300400200302003432330331300000033000303010100220002020001003103200003010313232100200001332002303420030002004400400212040101444000000322000003000002300033040400304000331001020200310000301
0000004100003302343202210001033000224300313030100030013000014000000000003040132222020200000003310000033240000004303000001100000420003000100020001030140004000330000200002040011020103033303030000000040423231011013131303030300301400300000400401200200100140030
0000330000000400020011000000120003004000010010030040000100201001000000010400300004000030010000200000032000004120004210000410000434000000011030000001013340000300300303200403002323330400400300000002020000234304040003133304010000100003100003000031000030000010
0000000113424000000200012340000001401400300300000000020010014003000010204040030101030303031333000000033023000303033303010303103001343040400000030303030303040032400100330033003030203130320003300002020000000301020203030000030003000340001330103000301030210033
0000020000000303000303030300000020400340001330200003330333130000040403030003020000040001040003010002130120333020334230303430043010010000000003030303000300030041100014300233313033000002303200300030301000000301000300000043034101003030103130303310320003002030
0000443321000303030303004431140000140030303332003344000340300330020100004010000201030340332003030000034001334001030032301003331011000000043100000000000210030000200030100030033000340030433300340020000100033303000343430301030001040000030020030010101000300400
0230000000030303113303030003030420000103001400014000040000040000300303103103133323313010323323000030100333020000402000200004020000010400300030410304010000104000013040043041002004000204100200400010000310000300003100003000001003030433222000000000004433321100
0033331223300000001014304030000000130002300004000100001300024000010004023000000023002004003003003432010000002020200000030200000000103000000234002040020400001030303000300400420020000003002004200030420000020030020000030000310031301000000000003003341120000000
1424000000222203300002002300000010303400013000200302400130000000303200301000400000300202020202003010401000000003020002000040004000300000102000030400000002030010340012004000200420220040002004000012000431000001000004300004200030000404034343310120000000000000
0030013340000002230000000034400000200003000200003020200003000200003010033030020000040200303100303434020202000000002030404010202000204001040010300000002040023400303200010030041000200400020040000000041000003200000410000032000040000000000000000000000000000000
0000000000000000030103030000000300000000000000000000000000001100000000030000000003021221103432030000030330000021213434000000000000000003010022244301000000000300000303032202440403000000033412200000000113424000000200012340000000333312233000000010143040300000
0003021200020000003330000000012000001233000000011230000000034000000000430000001304000001303000000000022020022214202020422020001100002440000223000000130000011200000024000002340000024000002340000002200000110000013000001302001000014400013400000300000200000220
0002400001020000400001300003400030313300024000130003220304332000000300013302003000014000140000241024102030000200031100034000230000130001300214000240002400030000302400040000300012000300002000130020000300040000300020000300020030100010001200020303400140002000
0010002400320010001400040002000300000330000000300440003001400330003003430032020003000200040003000040040003001320330030002000430201300100040014004202000200040020012032001000200200030020033303000000020020010012002001000300200130300000000100000040030030020014
0000000000000033221100000000000000000210000310000311000421000422000203410031001030003202303003000020010300200204003000040040000000000010102020223232424000000000023103402000030000400000010000300140140030030000000002001001400300130002300004000100001300024000
0000123300000001123000000003400000000000000000000444444444441222003220000021100202402000020021000310003000100031000300001004100001002000001001002000001001002000000203040000102000000103343000403010200000030203000000303030000030042000102100303100300300000001
2030300010002003100014000400030023002001242000010300000400000234110334003440000000000202020202001100200004030000000000021200000000304000042000031000010000300003002020200400010040201003000100200000400104001030000000204002040004240003040003030422030402020301
0230001004010330000100401003000001000100042014004022000200040020003400000400033000003000004000030000001234040000002001223400000000000044412120000000000000000000043000000210000032200043000000210200030002000400030002000200020002000030020000010400300100300104
0001100000003000000033110000041101000001003000031041000000042000003010000302000040200020000402001000100002200040001400040001000010110110020020000000100100100000000010040020401334033330034004200000102040400301010303030313330001000402300000002300200400300300
0000004300000013040000013030000000322000002110020240200002002100030202400220300400300300200200100020000001010000401000040100000030002400013000200002400130000000000000300000000000000000001000000004010010002000330043030100010003000310324000010400000102021020
0140030200040030020023040014013000000413420000342330303030141000042100000431000003310303042401000104033000002000001002020232040030001302020040402300030001033111300003300030003030323030033022401020030000000000030003000103000110041034100410314032000021013000
0000000030203000030000020303040000000330020100120042131130040314000014133000010011230300000032200441003000200002444230313400000302000030020000010100320300300104402004330100001010141200432010021000020000100002300014000120000310000000000000000000101004034232
0000420300032020122020122120310004000404030402030202010200010000000240030124200012000103010001200020000200002000001000010000100040402000000320202023232420200000240003312000001230000023000000340000033023000303033303010303103034320100000020202000000302000000
0000022020022214202020422020001103100030001000310003000010041000002000000101000040100004010000003440300020140002020212300200000020222002200000030003000410041000020000302000022020001013021010402000210213000200000132400000000003000230410230022020101020040013
1010230220400202300030000301004022200030000200000134441020000010200120302010000203000100300010030200303003023010040240202400003020002000200101313404300000000000011030300002002004100110000300121000220040030141010201000300300022314313204043000000000120000010
2000200021001002023200024004004010100032001202003004003000000013200020002000010000000000003000000100003004004004100003004004000030010010010011000010003000003003101000000000000000000000000000000020033010000401410301014100002000000400100000030030020003003001
0310040000320040000100040003100030030010010010034003003002002002100003310002030000003100000300000300004000020212401204030240100300000433222200000000004433321100403040004040304330231023331020100134304040000003030303030304003200103000000234002040020400001030
0000244000022300000013000001120001002000001001002000001001002000300024000130002000024001300000002022200220000003000300041004100001000303200040030000004002001001003200043100000100000400000420004001040000200002000010040040000303020330000331200000000044301300
0404030202000000000030404010202000000030000000000000001101042121000102040000000000010304000030401302033000230000001240000002104000300100104000103004003003002000001400323000040000300001000023000300420001004000410030001000300440034334001400400140010012001001
0000330000310004400000110000200002023330010020040100300200022003000431000000004310000000000432003030204010040400040200000240111012011201120112012231223122312231000010002000000301000300002123300000013300000000224400000001330002030020000010300100004103001000
0001004300000200010030001004003000002000000200000020000002400000000104030000304002030000002040001011011002002000000010010010000002000000200002020000002004020000004100004300000320000001303001004001003300330030302031303200033030300030040042002000000300200420
0000240000023400000240000023400000020304000010200000010334300040000000300000000000000000001000000200003020000220200010130210104000320004310000010000040000042000200020024002000400200023032020000040003002020000200200430410010000002300000014000000342000012300
0000023200020020204000020204040010200000000000000000003000000000020000200000020040200001030323100030000020000020000420300420000430010030400100030002000300100304000000100100400400000000020040000000203000010242030300200000030400010103030303302010300300010104
1000033003000000000000000403401202004020040203402034020040200402042103022311021000021000021003324000200030004001403000013002401200400000400122020020040040040032000001340000001340303031043001103000003204040000001000001031310000000000000000000004404422222000
0100000003024003004002001002001010000000000000000000304042322100004003030100040023000001000403130001042020401002000032020103001000000004220200000030100000002100003402220011400014013200012001140002020000000301020203030000030000304200000200300200000300003100
0002200000110000013000001302001030102000000302030000003030300000000401001000200033004303010001002000210213000200000132400000000040010400002000020000100400400003004000300202000020020043041001000000000300000000000000000000000030020010030020004003000004003002
0020010000300204103002001000040000300422103000000000003431000000400030003000000030014000200040020000012000010203001020400000040003031300004310000042000000311000200202300032000020000140001112000400000003040400030404000304040200120033003043000400000003030000
1400000013000000132000000320000002010100301004040100003330000001030002000300410000003100200030002243000020000000000011430000010002002003000000030040110000300300013011310010010040040240000130041011010010000000000000000000000000300400000030020020002001000400
0000300303000030000300102000030003000031003330001000410004100040000010030000000000000000000000000002000014002020000330000300001430100101420002013000010040000200000010304032330020301000202400100300034000133010300030103021003331301000000000003003341120000000
0001440001340000030000020000022030042000102100303100300300000001030003103240000104000001020210200300023041023002202010102004001303020330000331200000000044301300000023000000140000003420000123003002001003002000400300000400300200001000001200002010203320304030
0100323303020042001034101110310000000000314000000403103000004230000003000002000110000003201400003003000300000030030000304003000404030133030103023100020000000000010010040000040040002031002002001000001100010203130303421010002200000001231000030030012140000000
2000423200024002102400140020024004030000002040401000000000010101010002200000300310100210204002010000041000240100004300000100000300000000001012343400000000000000300020002000330012000200212002000401013020210003030000204000000100040030010300200004002001130010
0000000102010000002030400000000100100004001040010400300004003000010041020341002004000202130300430000100420004000110003000010042000410000430200032000002100000300001002200033321200013001302312010000020000000303000303030300000014240000002222033000020023000000
0002400001020000400001300003400020303000100020031000140004000300014003020004003002002304001401301010230220400202300030000301004004040302020000000000304040102020000002320002002020400002020404000020010000300204103002001000040001003233030200420010341011103100
0001200341030210043003410004010404410000002000004410000002000003200000000000043131000300000001420000013000000000000000021113232433000300012330030000120001000100002300321430002430302030302022134000200030004001400003013102400300201130004002001002001411100101
0010030200004011000103312000040004300033040302010201101101000100000102000010100100010201000040000030030030410400400300200000014003000100400020030002024000400010000432000310044110131201410100000042000000342000004201000004100010300100000000004324033100000000
0004232132020100000000000140003000301000030200004020002000040200030020433002023040403032312030034000000010000000100300300403004021202403320000000401210400302300300040343040004004202400402000122040034000133020000333033313000010303400013000200302400130000000
3031330002400013000322030433200023002001242000010300000400000234000004134200003423303030301410002220003000020000013444102000001000000030000000000000001101042121102000000000000000000030000000000030042210300000000000343100000000000000314000000403103000004230
0441000000200000441000000200000300004403033100044000001100002000024002000033000010003003432020100003103230040003000300010003000200302234203400010030300001003100000014302004000000000000200200200233000000311333010000410310203000204031340010400131001020000204
0030043300320030004002021400001010140030400010102030103040400000402032103010000000200010040401000403003030404000000302000040302000302000201020040220302000030101020030000200100200001002001011113004010003012003001002301002011000300200040010003002000400001100
3010000301020040200402000040100400300040014002000200100010003000130001030020000004130003030200030000434233111000000000000000440300042000030200300004000030000120001302300400200302003432330331300404030300030200000400010400030130320030100040000030020202020200
0003000133020030000140001400002411033400344000000000020202020200042100000431000003310303042401002001203020100002030001003000100300010204000000000001030400003040020000200000020040200001030323104000300030000000300140002000400200000300000200011000000320140000
2000000000000431310003000000014202400200003300001000300343202010001000030030020000400200100001004030404010101010000004040304040101000300400000400300100302200202200004020231300030240000340022300000030000000000000000000200101200300212023041030304300023112000
0100330010030022041003020000100300300342424003000303242300202030400000000020000102002001020040100020030202400304000400010002000113040300000132400200021212400000000411320210030010142200000002000000230020004100410003100310003040330010400300202001202030010000
0300400311001003004000010220100134000000011230000000013340000000001000012000030000310202320000100000102040402003030000000010300040010014120300000143030002000300000003300030301010022000202000100002130120333020334230303430043030104010000000030200020000400040
1024102030000200031100034000230011002000040300000000000212000000010403300000200000100202023204000200303003023010040240202400003013020330002300000012400000021040003000002000002000042030042000040000012000010203001020400000040030030003000000300300003040030004
0000013000000000000000021113232400031032300400030003000100030002403040401010101000000404030404010010322010022400030001230004200200000230000442200000000000442201012030020020000000410430010410000300003000020343000203002000113013200000322000002143000313300000
0430023041020004100000212000320020202040022404001030010303001020200102340030020010004003002001000000000000202003334444000000000010030000200010002002211031000201000030403040004030402010201020200010013400034000200000300200023010000000000004044212100000001000
4001001000320300300000020020020200033300000000343010000000404111000001031300300003000003010103021301001030000133000003200000200003000300041200100200030004000110031032000030103132321002000013321001000000000303030300030003004100300000102000030400000002030010
0013000130021400024000240003000000304000042000031000010000300003300013020200404023000300010331112000200020010131340430000000000000300100104000103004003003002000300100304001000300020003001003040303130000431000004200000031100004030133030103023100020000000000
3300030001233003000012000100010000302234203400010030300001003100010003004000004003001003022002020000023000044220000000000044220100000100000300001310000000010401000330000130000220000020000004000002000020003000000002000300003220300230400003000030000200200102
0000000000000000000000000000000000104002001030001120003001040120240000000300013000240002000300010010003330300010000410000430010304020100003020100302000000003020213013000010030011224401010102000100134100100000000000300200200221200210031004000021102200130021
0030001330300020002000400020202000030004000100010001000100320030300042002201100020020300040002000300030040004020300030102004001300400011020300010103300030001000002303420030002004400400212040101000143002333130330000023032003034001200400020042022004000200400
3024000400003000120003000020001300202020040001004020100300010020300003300030003030323030033022400110303000020020041001100003001200140032300004000030000100002300000000100100400400000000020040002002023000320000200001400011120001001004000004004000203100200200
0023003214300024303020303020221300001430200400000000000020020020200004020231300030240000340022300120300200200000004104300104100000033000013000022000002000000400003004003001001000040040000030034001000400310043300324001003100001000020030010010000000400400200
0002323000000000323000102300022300400100003002000041000030010000230002322030001220000004000000230204002001030010020400300104000020001400002024102021031000001321002000040020302220204002200030122301013012410000123000002020210000030000300200003000030030301204
2000010000110001400004000004000200010400000030400203000000104000000004312020000003000044333214000101040200000000030021340030030000000030040242002000000300400420144400000032200000300000230003300030301000000301000300000043034100120004310000010000043000042000
0020000300040000300020000300020000004001040010300000002040020400102003000000000003000300010300011000220040030141010201000300300003004200010040004100300010003004000020300001024203030020000003040400000003040400030404000304040210000011000102031303034210100022
4000200030004001400003013102400302330000003113330100004103102030000003000000000000000000020010120300003000020343000203002000113000020000200030000000020003000032400100040031004330032400100310000043000302000204040000000120204000443000000000021100000043310000
0030020004001001300201040040010300300300301300301320301300200300013340400000000101000023424000034020003402300040200003010000311004100002000330004211012000030003004343302400034000010000130100240000234000000002031330400001020320000010001044223020200030303430
0001240330124000000120002132100002010010040200000003010040040301004004001203001022323040010000041100000004413120000000422100001020000030001440001400003003033300404003040003310010202003100003010100303010313030331032000300203030000404034343310120000000000000
3010001000120002030340014000200004240003040003030422030402020301100410341004103140320000210130002231431320404300000000012000001040034334001400400140010012001001000101030303033020103003000101040012003300304300040000000303000000000001231000030030012140000000
0020113000400200100200141110010100204031340010400131001020000204003002120230410303043000231120001320000032200000214300031330000020300230400003000030000200200102010000200300100100000004004002000044300000000002110000004331000000020300140103014003240010331000
2402010040221004122100413010022110113030021020301033003000102210300000000000000010132433110000202400300002100130001000130004201110003020203010000020000102020024030033000300010012001200220003100001003000010000000000002121210001400100010014001400200010014002
2140000000020112000000020010204010001000020000400014000400010000400000031300000013030030040303430001000000000000000002020302030201000040000230040030030020020010000000410000330234320221000103300000443321000303030303004431140000300133400000022300000000344000
0010002400320010001400040002000302300010040103300001004010030000000000003020300003000002030304002000200021001002023200024004004000003300003100044000001100002000100003300300000000000000040340121400000013000000132000000320000020004232000240021024001400200240
0010030200004011000103312000040000300433003200300040020214000010010033001003002204100302000010030430023041020004100000212000320000000000000000000000000000000000000232300000000032300010230002230030020004001001300201040040010324020100402210041221004130100221
0000204001040000210202030400104000430040003004300400030043004000100000330000002200000041000003310132211423340300000000000000000020000014000024000013000014000011003303400040000240020212003000004040130000040104010002024030100000320000300002000030033100101002
0001000000010000010200010000110000000000010022244000000000000010000002120001000031321431403000001000024000002013040000013030001000002400000034000002400300234300002243003130301000300130000140000014003030333200334400034030033000200003000200003020200003000200
0000033000000030044000300140033001000100042014004022000200040020000003300201001200421311300403141010003200120200300400300000001302023330010020040100300200022003020040200402034020340200402004020201010030100404010000333000000104030000002040401000000000010101
0430003304030201020110110100010010140030400010102030103040400000003003424240030003032423002020302020204002240400103001030300102000104002001030001120003001040120004001000030020000410000300100000030030030130030132030130020030010113030021020301033003000102210
0043004000300430040003004300400000000003100000001003100030001201003320304000020004200021000300030000310004402001000041000030004210004400000020000021000241000041100030323030040110001032020002310101003032110000003220010004433000000000004332110000000001321100
0010000000020000044222031000000000000020000004310000431000000421100400033300020002000030034103010041001004004100100100300300010000004001001230000300004002000020000000003040132222020200000003310201000040100002010303403320030300301003303002000004020030310030
0030034300320200030002000400030000340000040003300000300000400003000014133000010011230300000032202000200020000100000000000030000000043100000000431000000000043200042103022311021000021000021003320300020003004100000031002000300001000220000030031010021020400201
0001020000101001000102010000400040203210301000000020001004040100400000000020000102002001020040102001023400300200100040030020010024000000030001300024000200030001230002322030001220000004000000230133404000000001010000234240000330000000000000001013243311000020
1000003300000022000000410000033100332030400002000420002100030003004000230403010400020040001002000010000100004000040030000300003000000000003030304040000000000201043103303020230201010000302020000200230300200300001002023003003001100130030002010000133013001000
0043100300003420000000420000000401004004004100200400020410020040403040034040304030201020301020103000400400100030030004002000000214440000000022000000000323000300000003324000000430300000110000040000034001334001030032301003331034340202020000000020304040102020
0040040003001320330030002000430200000012340400000020012234000000044100300020000244423031340000030100003004004004100003004004000030302040100404000402000002401110400020003000400140300001300240122243000020000000000011430000010000000410002401000043000001000003
0030030030410400400300200000014004030030304040000003020000403020002003020240030400040001000200010000000000202003334444000000000000100033303000100004100004300103020400200103001002040030010400004020003402300040200003010000311024003000021001300010001300042011
0132211423340300000000000000000000003100044020010000410000300042001000010000400004003000030000300200003000040200002004040000200000200032400014000300003200020001000030303000101010001010000003000410001200001100420000110430000240020400203002030010300102001020
0000021000031000001102012100042200000010102020203030404000000000001300023000040003000010000240000032200000011000004320000000210000020304000010200200010304000040200030001000200010301400040003301100000004310000000000021003000000204001040010300000002040023400
0130010004001400420200020004002000000044412120000000000000000000020000300200000101003203003001043001001001001100001000300000300312011201120112012231223122312231004000004001220200200400400400320200200300000003004011000030030000000000001012343400000000000000
0300010040002003000202400040001000302000201020040220302000030101130403000001324002000212124000001003000020001000200221103100020104020100003020100302000000003020200014000020241020210310000013210410000200033000421101200003000310003020203010000020000102020024
2000001400002400001300001400001110004400000020000021000241000041000000000030303040400000000002010020003240001400030000320002000100420003000320000000310000001313400103040010203001020300002030002000430020003300100022021400100020000000004312000101013411113000
0300002300410003000020000100410030040000140000100200100300400300000000032321003000003240303000430400020200000000404000303010101000000030300010123313104303030300000200002040011020103033303030002000301000300330003400304333003430320001003004100020040002004000
0120320010002002000300200333030004300000021000003220004300000021402004330100001010141200432010021010000000000000000000000000000000001000200000030100030000212330000001340000001340303031043001100130113100100100400402400001300430002000200033001200020021200200
0004320003100441101312014101000002003000020010020000100200101111000411320210030010142200000002000000304030400040304020102010202021301300001003001122440101010200002000040020302220204002200030120043433024000340000100001301002403003300030001001200120022000310
0033034000400002400202120030000010003032303004011000103202000231043103303020230201010000302020000000303030001010100010100000030040010304001020300102030000203000130030003000310201202003020303020041003002003100010201210300000000300040012000400100024001000200
0000000000100310030002004000200000013000020000040000130001240000000300200002001040010000400104000134000000000011240001010100010103000000000000000020102010204030000004042323101101313130303030030020000100033303000343430301030000000410000032000004100000320000
0000020020010012002001000300200102000300020004000300020002000200100002000010000230001400012000030020033010000401410301014100002000000133000000002244000000013300300000320404000000100000103131001011010010000000000000000000000004010130202100030300002040000001
0042000000342000004201000004100030040100030120030010023010020110000023002000410041000310031000300010013400034000200000300200023001001341001000000000003002002002230101301241000012300000202021000000234000000002031330400001020300010030000100000000000021212100
4040130000040104010002024030100001010030321100000032200100044330020023030020030000100202300300300410001200001100420000110430000220004300200033001000220214001000004100300200310001020121030000000000300000020000013300000330000000010300103000010000203000020000
0100000430100000104120200004200010110110020020000000100100100000010004003000003033302004301003000100004000003004003003002002001000000000000000000000000000000000014003000004004012002001001400300104000003002003001010100030040040000000000000000000000000000000
3030000000010000004003003002001402000030020000010400300100300104100000000000000000001010040342320000040010000003003002000300300102030020000010300100004103001000000000000000000000044044222220000030040000003002002000200100040000040030010300200004002001130010
1030010000000000432403310000000000300200040010003002000400001100403300104003002020012020300100001000000000000404421210000000100021200210031004000021102200130021000300003002000030000300303012042000001000104422302020003030343001400100010014001400200010014002
0032000030000200003003310010100200000000004332110000000001321100011001300300020100001330130010004002040020300203001030010200102020000000004312000101013411113000003000400120004001000240010002000001030010300001000020300002000000000000442100000000140220000000