0013000012000300002300003000020000003030000104000010000002020010100000020200000021231202020202003003030020002004204202002332003003004002200300020030041002003200000300404003332320300303034431030300040100000000004030302010000000202010020041202003202022102020
1002240010000200010002200020002020200002022201033340040323130004000000000200000000004404003344400100330002002303010220040033100300020304000200040004000400040000340003012103001230020001003300130000020200000100000201000401010300042300030342000304011303330031
0022020203000300130020001200400000100000130100033004004003331000212433400400000000000000020000003032000300024224040000401033020000100032004200002000410000000020002243002440001100001303033000200000103220000001040400000230200000200300034441030000030044110020
3002002202000000100100040040030002232302030000432320032400432030000304112133030303030331440003000222040003334313030300010300004000003302004100004100002002003100202021000040001000020000303014000103000220400103000022020304000000000300040303310000000000000000
0000303000010400001000000202001003004000400330000000041002303203000002100000410000330000021000030003000000000030000044040033242034002001430000103000000100000011002003000300033013002000103020003010000320004024020000401000020300001033200000313434303030102000
0400402200020220000232010242001000003300021120201120204020203120000000000103433100000000000000031300000021340000001300000002433003400040024000430010001000100013401003002030023130103033303020300003132322304300300031010203340300000041001031031000303002302032
0000310301000331000420000310004300000324010000000000300044110240103000030201110000000022440000030030000420030000400230203000340000040203320003332303000010030043040400002000001000000310103020300100004304001303002201040030030300041000100003100020004100330030
0000011302000300044311002000000222200000200000223440000000300142031303014200130311000333034000002003000020020030010030030003133003020202030402320003020000010003020400200103004002040030010300201002100012031303440043030403021003301030003030323030303022003003
1000000202000000212312020202020000000210000041000033000002100003000400000104000001000100010000040040020010010000300200400300100000001031200000010404000000302300020201010130402001010203000000400100300400200400000001003001003020001140004000000011001010100010
0001200000340000014000023000000420100100021312400101000000000120000003243100000000000000443102100041000043000002200004110000300004000400010001000100010002004400010000400200100300200104003003000000020004000000303040000302010000001000000203010101302000040002
2003000000020030010030030000130010104100110010011200240024002000230000014000023000000340001200003302410101000001000100224030000010000000000000433200100000000000201002100004110004300200320000020004000100010002004200420001000120000300200104003002002001000040
0000003130400000020403000010332022130000004020300400020102004010010030010030030000130000100200302000001000100024002000100020002400012000000340001200000034000012200030000120431030000000300000010000043102100000000000042132100003400000400000020000021000042100
3003030020002004204202002332003000030000000000300000440400332420004002001001000030020040030010003302002002000000100100040040030300001000240343342000200020002003302000030010000400200103004002000002000220100041230023004000210100000320310000101010101004410230
2010202304021201200222422301212000024001400200020000000000301010000001100000000024413100200020020010300022000010300002000010403020004000100010033000440044004003000030002000000200000000422000300300304100010000002030101212000040004410120032000030002000030033
2031202120233000000203020202141000000030004000000204130000203020400002010040002300031000300023402021000020100000243010004220000404002021203040300111000222022202240001302012400033000020000100300040000140000012000002102004420004040300200000002000200010000030
2000204020204410003420212402210330300004300042202002200041000021330404040301021002020000000021002300000110000023200021402000233002102020212440001320204020221000040302121000000040302020101303323200000321030303124003030203030100033010002030030004200031000213
0300400220030002003004100200320034002001430000103000000100000011000010312000000104040000003023000000100024034334200020002000200342110301033002010330030303002300000031000400000100042000031000400030000403030300430033001300120021101040020020101233111410401310
2422000000000322324003000300041203043432030400323034303333343030000030000000030203000300402003003003003004001304022002000004001400040002000100030043004300020002000320303033004322304310303130300103000123000404030033000204031020141100222433433230244131312044
0302004133000203000043300004010000403032203202320030324030320130300030034302430303030303001003100040040304003000003003004102100200020231030004324300000024300300400030313032033432330433333340001000000103004104340003000000030401003004030030010030030200230411
0002001103400303030423003100001020003330330000210001430013030040003001040320030303103302000003040000000004042141420203030300000030222011030003020001040000000010203030234030003011303034003003300100040113010314031000011400130101030000200420040002004100400010
0003004040033323203003030344310300200300030003301300200010302000020201010130402001010203000000403020000300100004002001030040020000003100040000010004200003100040031010023232320002323232323031324000002000011401003000012001013200130200202220300100300300001320
4000030231020302040000000013203003104200100300400010021002003004003103020003100000003100000043103000021223340000000000111000003030400312001000220020001000230024330002403000023330302010303403302320000304002300320030400203300030041010200023002340000120020004
2100000000000332300000403123101003100201400000230220011020002300300203300100230402000100040140040010420000000000000030400030003002002303003002300003400100230400302102000210000001100300403000340000030001011140410400000000000030330213000100010000100003300320
0100032000010302320004000033000430003200020000201040000300302020430413001000230020032303330020004000001030003432301030003003040432000301234000301240000002203000100201130030030003004003000400200040433230132300100303020200020430000220040040040040040040040043
0300040100000000004030302010000030100003200040240200004010000203010030040020040000000100300100300002000220100041230023004000210100300004030303004300330013001200400000200001140100300001200101320000024003000324030003102200030013424000000000000001002240300000
0202000000000000003404023434123200003030002242010131010102120000002100000210000004300000421000040000310002000131000420000101042004000100040042000300030044000400004034300201200200100300410010020204002000030020000000300303002004010140010102030101314101020400
0002400000000000000000400200000002033030014030010233000100314020400003003330010003200201004002030000000141040001030030010021010030023000000200030003000302240024001330304100330100200314010140203400001200000034400001200200140000000102210000010111340000010022
2134122430404400000000000000000000003020422141312000212003212020100000033110000003422000020442000010010042010032010141010143000000021000100001000400041002400000020121302004400400210040002004000030030030020020020022020200000403010200204002000030400200000040
0020201002004120200320202210202000001033200000313434303030102000200011400040000000110010101000100000032031000010101010100441023021101040020020101233111410401310001302002022203001003003000013201342400000000000000100224030000003000001000100020002004200010001
0203020000402023020300040303401020012000000340001200000034000012004002004000000200000210000421000000020103000010103020400002023440002200240044031303220323030000100000000000441441101010101000042301130020010100200330200100304001000002302034013004100003100010
2301100001011423440233030303300004002100220031004200100020103000031130000003010000300000340331013410301230003034200011200010140023011300000221313101000204033040000010000020200030010204001000002311102400140120000200033003300000004322400030003000243210100000
2310104003002100023000312003200320040000340030133040400000200000111440300000010101010101022103430001000130423000303030303011041022001100402000303331303020000000000233000012000000140000003400002013120011030041000040000041000000000001020404000010000030300000
1002240010000200010002200020002004004022000202200002320102420010000120000034000001400002300000042010202304021201200222422301212024220000000003223240030003000412400003023102030204000000001320300202000000000000003404023434123202030200004020230203000403034010
1000030033110000000411000000033100040100300300002001004010000030003000041000422000020000410000410242020013002000000100040002004000010002004200020043000100010021220233000020000330312030433300400200200200200000234102104104134100012203000023000303103303030100
0002300002000320104003030000234010102402000000330030303000014040004040300000434043000340004003000202004341213113000000000003000003020000100002010300201003020300220230401000002030300032043300232004000004000313034013000010030001220024000410033000020000440002
0032003001400440000000000300010002033043001003130000340030032022240001300000030000400314000022000201034300021343010323040300200100020214000000102400000002224000000140203000003130303030102004022102133133442440440002000200000000402020101010100000030202010200
2020000202220103334004032313000400003300021120201120204020203120201001000213124001010000000001200002400140020002000000000030101003043432030400323034303333343030031042001003004000100210020030040000303000224201013101010212000020012000000340001200000034000012
0004010030030000200100401000003022203000022400401030323030004001211000200204200043000020000210002132432334422020202020202020000002100044002200100020000000020003102000200000000202010100000000100240340004021002003003004100100230022010000002230000300220300030
3100300121420000424000000240000031100012003002002004303004302034420031300302203040000102000000300010401010000100040034100020003002003000030200030303300000000000400002100200013000140302003030300400310043220000030100004020000030003010000000020020020020320000
2200300313020042000000421000004230003224000000102400000000024030120330100002000343020323000010013000402000202000000000020202043003013300041000100200030004100010011000000000000000000000000400030221300130000103033303004303100040000402010030200400000020100300
0000000002000000000044040033444000000000010343310000000000000003000003243100000000000000443102100000011000000000244131002000200200003000000003020300030040200300003103020003100000003100000043100021000002100000043000004210000400400200400000020000021000042100
0030000410004220000200004100004121100020020420004300002000021000000000100040000300042000310002100300030004000430003000400040000104000100420001014201000120013001030030002004100400020041002000100300000020030001002003000300200301002002003014104000000000000100
0002000004004004004004004204004000043040030020000200200100304003000400300003002040030010420200000001000020401200003040020000004040030300002000000204000032000303400131020000003040000102033000200000000102040400001000003230000040000000000011000102020402030400
0042404040302000404030303020201000400020101000302020232202012220303020100004020003000330201013003010000402001000402000030100004040020402010030200400000022100302402033010020000100003004023030004010010040100100400402001204000003020040100110300300300000002001
0100330002002303010220040033100313000000213400000013000000024330004100004300000220000411000030000010300022000010300002000010403030030030040013040220020000040014300002122334000000000011100000300000310002000131000420000101042000000201030000101030204000020234
0242020013002000000100040002004021324323344220202020202020200000030003000400043000300040004000010400040002000404000000040000000320001000220024002000020003000203300030100044400344423231112000400001003102300000030000003000300330204010000403030101014040402000
0023000102002400002000030001300310002000000004310000000000000412010020030230040020030040001001032300004010000201003020040300002020000022020003000002000000200003004220000000220100000030000000330010010402400304004003002001000340100100400401003004000030040030
0000010002000134000000232000002100000010000031000003000000100030300100000240020400102000010000333200401220000000100000140000243014340000000000323000000000021243030000420000200004100000000420300303132340000400010203032333430030004004001330303230333010303004
0002030400020004000400040004000003400040024000430010001000100013040004000100010001000100020044002000400010001003300044004400400300040002000100030043004300020002304003120010002200200010002300240400010004004200030003004400040040002200240044031303220323030000
0001000200420002004300010001002102100044002200100020000000020003040001004200010142010001200130012000100022002400200002000300020300010044000200430001003100310031001000240014002000020003000300000400020001004200000030003200300043033203201030010103000301030140
0003000100420000003000300210041000100033002000010002000300344001010042004200000030003000120410044000300330101203020103000143014000040002000000300030001001100400001400320002000000030004433440200100410000003000300010041204000240003003101013030300044100430030
0004004200200030001004100400030000240043000300212021132040030020010002000000300013041304000303004000230312101303044304430331000300440000003000300410040000000000004000400002000140014000303000000100020020003004100402030200004103032400131310000140002000030014
3400030121030012300200010033001340100300203002313010303330302030010000400200100300200104003003000000300020000002000000004220003000032030303300432230431030313030330002403000023330302010303403300040343002012002001003004100100210000000000044144110101010100004
2202330000200003303120304333004010200020000000020201010000000010030030002004100400020041002000103000301000444003444232311120004000100024001400200002000300030000020002040000040404030000043403001300430100002000311131114111411021323324324304034000300000300030
3300230430040034004000001300031000002001020404100010300030100030012033113004001041004311012100122000000011222310000030000030342003004201200300330343041030130020001030300102001000304301013400300300110130430010001010410111412013400000001130100010011300300030
0304334140010040130030002010201100020010300104103010011000100133333233013022031301231313111000103000140030003410001034100001343002003010000000400003004020030000003003000000031030040010010400201303330041140013131223231313024130000024000000000020000013000011
0000020200000100000201000401010300031323223043003000310102033403000002000400000030304000030201000300304100010000002030101212000001030001230004040300330002040310232000030400230032003040020330000204002000030020000000300303002023011300200101002003302001003040
0200200200200000234102104104134102403400040210020030030041001002030000002003000100200300030020030001003102300000030000003000300304000200010042000000300032003000130043010000200031113111411141100000002000000001030003001100030000004000021000100043000410000100
0330030220000300004103002100011000003200300301300330303330300300003200004320010443000302010001212000000310000103100000431000004203433303000033000300033101000344110030002330013030303000303000200001043210000100030430100100030001000000000001040323100000000000
0001000044033411230103000000030042322231113021101010101002100000000100000000010003000300010003001322433040000100000000000000000003000303112334000000000000000011141030003000013113103030303000030000102440000100102442000000102433000000123300000012400000001340
0004230003034200030401130333003100000041001031031000303002302032000010000002030101013020000400024000441012003200003000200003003320141100222433433230244131312044300410102000230023400001200200040401014001010203010131410102040001000002302034013004100003100010
0001220300002300030310330303010030022010000002230000300220300030010020020030141040000000000001003020401000040303010101404040200043033203201030010103000301030140213233243243040340003000003000300000400002100010004300041000010003103031030313002040400104000033
0100320300400402301001003013000330102310300110000012000000140030000334000000004411100000244300034010001430013030020040040002004003302031130003040004340201043003100040100001000010004000200130301322404030040000000000002000001330001110320030410004200004100000
0000320002040010302002201010000132001013300010040040100400400031330030010304030011400001140030003043122030003000343241000000042302002000000200000000330000303001000000401010101000000000000404343303400103004303030403100302030012234400000000033030303011031403
0022020203000300130020001200400000003103010003310004200003100043200300000002003001003003000013002031202120233000000203020202141003020041330002030000433000040100210000000000033230000040312310100002400000000000000000400200000023011000010114234402330303033000
0002300002000320104003030000234031003001214200004240000002400000000200000400400400400400420400400023000102002400002000030001300300030001004200000030003002100410330023043004003400400000130003100330030220000300004103002100011001003203004004023010010030130003
1000030414000003441000000442000030100004020000004020000301000040000000004442344112011000000000000402000200000010001010001013301022304003000000000011223340000000000330033040003100002343043100200000344000003000000034000003340000320003300300000300330000330400
1000030000400123000140002000010023020123022023104100040002134100010002000400100140010303010003400002430300410003200301330303000040110103200300000003003004004010003410003000431000000044113000000401010040401110040102000040100003000000000300030000000000000000
0010000013010003300400400333100000000324010000000000300044110240101041001100100112002400240020000000003000400000020413000020302000403032203202320030324030320130031002014000002302200110200023000203303001403001023300010031402004002100220031004200100020103000
1010240200000033003030300001404031100012003002002004303004302034000430400300200002002001003040031000200000000431000000000000041200100033002000010002000300344001000020010204041000103000301000300000320030030130033030333030030030102310300110000012000000140030
3010000402000000402000030100004000220222002000300010021004330303000032303000013121232340100000034004003004002002003032004032004003213001332003300023010000033103004321000000000002321300003000344000410033000030014000202003001100000010001030303000000000310033
0420320200000330001400204200002234400000040000001400000022300030310230310330313103030303030432033100201010004004030230310043000010230243424040000000300000300003020013000004003003001000002001100402302043010303400403132300010000000000043210000330341320303003
2124334004000000000000000200000010300003020111000000002244000003230000014000023000000340001200004000020100400023000310003000234030003003430243030303030300100310300203300100230402000100040140044000030033300100032002010040020303113000000301000030000034033101
0040403000004340430003400040030042003130030220304000010200000030000400300003002040030010420200000100200302300400200300400010010301004200420000003000300012041004012033113004001041004311012100120032000043200104430003020100012100033400000000441110000024430003
0000000044423441120110000000000000003230300001312123234010000003000000230000000102430000020024400003300000330000133000013000001300010000000034001200003002140002003031203100033003000200003010200240000040140100040030020230020002003010020001200001002000010000
0403000300401002010300000040300024000404002021140020202001002020001010404001020400001330400104030020010300204103000040010010200200020403000010000020010032020040000330213001001000400020004000200004100003000120004102000200420003000431000342130303200000320000
3032000300024224040000401033020000300004200300004002302030003400330241010100000100010022403000002021000020100000243010004220000400400403040030000030030041021002001042000000000000003040003000300000000141040001030030010021010034103012300030342000112000101400
0202004341213113000000000003000000104010100001000400341000200030000100002040120000304002000000402300004010000201003020040300002040003003301012030201030001430140200000001122231000003000003034202000000310000103100000431000004240100014300130300200400400020040
0402000200000010001010001013301040040030040020020030320040320040000330000033000013300001300000130210000000001000000040034423201403010331034203041304300032033303000030010400300002000030000200304220040201000040000003022040200300200010002400340013002400000033
1344400000000010143430202000001000021000000310000004200000003030303203210200430013020040002033033000201030003002320332000004003403001001000003003002302003303000240000140000140000003000003000300000030003424244141103031303030000042000000000200034303300340003
0010003200420000200041000000002000040203320003332303000010030043100000000000004332001000000000000400202120304030011100022202220200020231030004324300000024300300020023030030023000034001002304003002300000020003000300030224002423011300000221313101000204033040
0302000010000201030020100302030002003000030200030303300000000000400303000020000002040000320003032000002202000300000200000020000300040002000000300030001001100400030042012003003303430410301300200343330300003300030003310100034403302031130003040004340201043003
2230400300000000001122334000000003213001332003300023010000033103000100000000340012000030021400020301033103420304130430003203330340100400230000032003303000030330100000000000043421000000000000040000000010001130303030000000040000020132000000123000000013430002
0102200000300300400300010010000000024024302010110022000302022024000032200002110000100004100002300302034320000304034330030200000200020003000000030303000002000000000234003030403001033040002000042400002400000240000030000230000003020040003300430323040204020400
0022430024400011000013030330002004040000200000100000031010302030201002100004110004300200320000022400013020124000330000200001003040003031303203343233043333334000302102000210000001100300403000340013303041003301002003140101402000001000002020003001020400100000
2202304010000020303000320433002340000210020001300014030200303030400131020000003040000102033000200042200000002201000000300000003300140032000200000003000443344020001030300102001000304301013400301100300023300130303030003030002010004010000100001000400020013030
0003300330400031000023430431002000432100000000000232130000300034003031203100033003000200003010200000300104003000020000300002003010000000000004342100000000000004332043320310030033200430403320230102301030030000400303001001000330003044222041003000000000300033
0130340000004032000004100200140030203010403031004000000020300030330033013330333033300303030030030001301030004401100203100003003102004040030040030010020010300403000000000000000000000000400040302303032023232323232302030303030000200400300300000400433300313000
0000103220000001040400000230200001000043040013030022010400300303000400010001000200420042000100010040000140000012000002102004420010000001030041043400030000000304000003000101114041040000000000003400001200000034400001200200140023111024001401200002000330033000
2004000004000313034013000010030004003100432200000301000040200000000000010204040000100000323000000010010402400304004003002001000301004100000030003000100412040002030011013043001000101041011141200001043210000100030430100100030013224040300400000000000020000013
0000344000003000000034000003340040004100330000300140002020030011024000004014010004003002023002004220040201000040000003022040200300000000100011303030300000000400010230103003000040030300100100030041002000000410020000003204100204200003000041000022000330000400
0002000304321002020201332000000020000020002021100020002002103032330000001230010000340000011303000014000300014100330001400030001420040013000004003002001003000200030230403000013040204004003020100000000000000201010000000301010103104000000320030103032002040010
0020030003444103000003004411002000041000100003100020004100330030200003002001040030020020010000400404030020000000200020001000003001003004030030010030030200230411303302130001000100001000033003200000010221000001011134000001002200004322400030003000243210100000
0122002400041003300002000044000230003010000000020020020020320000400000000000110001020204020304004010010040040100300400003004003040003003101013030300044100430030134000000011301000100113003000300100000000000104032310000000000030001110320030410004200004100000
0032000330030000030033000033040000000010001030303000000000310033020030100200012000010020000100000020001000240034001300240000003300020132000000123000000013430002300030442220410030000000003000330420000300004100002200033000040001002002004013000004003000104003
4001000102030000000010301030400140100300002000040000300002004040130023014300430133004301300020031300301042343000311030000003403000000000000000000000000444244414000043000040000040000040000041302343122000033300030303000403130400001020200000000303230310304040
3002002202000000100100040040030000000113020003000443110020000002000000313040000002040300001033202000204020204410003420212402210300020011034003030304230031000010010003200001030232000400003300042134122430404400000000000000000023101040030021000230003120032003
0032003001400440000000000300010022003003130200420000004210000042004240404030200040403030302020100000010002000134000000232000002100040042002000300010041004000300030433414001004013003000201020110001000044033411230103000000030000003200020400103020022010100001
1000030000400123000140002000010004203202000003300014002042000022040300030040100201030000004030001344400000000010143430202000001001022000003003004003000100100000013034000000403200000410020014000002000304321002020201332000000040010001020300000000103010304001
0202300201320201240200212000013000041000300040000200020004000010401003000020010100401003000023200002030300000000000000000000020200320002002002000030010400200200303100001000303010000400103224000020100004120100020100003120000002030403020101010200000100020000
0223230203000043232003240043203022200000200000223440000000300142221300000040203004000201020040103030000430004220200220004100002120003330330000210001430013030040300032000200002010400003003020200000302042214131200021200321202020040000340030133040400000200000
0203304300100313000034003003202230003224000000102400000000024030004000201010003020202322020122200000001000003100000300000010003000240043000300212021132040030020000200103001041030100110001001334232223111302110101010100210000032001013300010040040100400400031
2302012302202310410004000213410034400000040000001400000022300030240004040020211400202020010020200002100000031000000420000000303000024024302010110022000302022024302030104030310040000000203000302000002000202110002000200210303240100300002000040000300002004040
0004100030004000020002000400001000213030002000202210202242002210430003220001011413000310001000433000301032103000300020000000004320400220242000004023203402000103010000000020010010000000020010013412422023232303032323341144004002010000200003010000402000333100
0003041121330303030303314400030003130301420013031100033303400000010030010030030000130000100200303304040403010210020200000000210000300104032003030310330200000304430413001000230020032303330020001000000331100000034220000204420011144030000001010101010102210343
2400013000000300004003140000220012033010000200034302032300001001303020100004020003000330201013003001000002400204001020000100003301000200000030001304130400030300333233013022031301231313111000100001000000000100030003000100030033003001030403001140000114003000
0100020004001001400103030100034031023031033031310303030303043203001010404001020400001330400104033032032102004300130200400020330300003220000211000010000410000230330033013330333033300303030030033300000012300100003400000113030013002301430043013300430130002003
4010030000200101004010030000232043000322000101141300031000100043040000020010010000020010010003020020004100003000041000300004100000020240211000030303030220010000300130232030303032432030303001340030000400030100400030002400030000004003010300000333030303200400
0222040003334313030300010300004020030000200200300100300300031330200000100010002400200010002000242300000110000023200021402000233000000000040421414202030303000000400000103000343230103000300304040010010042010032010141010143000000010001304230003030303030110410
0201034300021343010323040300200130004020002020000000000202020430301000040200100040200003010000403200401220000000100000140000243040002303121013030443044303310003300014003000341000103410000134301322433040000100000000000000000030431220300030003432410000000423
0002430300410003200301330303000031002010100040040302303100430000002001030020410300004001001020023000201030003002320332000004003403020343200003040343300302000002000130103000440110020310000300310014000300014100330001400030001413003010423430003110300000034030
0002030300000000000000000000020230003010321030003000200000000043002000410000300004100030000410000300033102001100330403030040000301020000200203000020000400103003030304040404040400000000200000304323000103430302000303130400033000400400100030030024214023033003
0000330200410000410000200200310003020202030402320003020000010003000120000003400012000000340000120210202021244000132020402022100030222011030003020001040000000010320003012340003012400000022030000002100010000100040004100240000022001100402000303331303020000000
0002021400000010240000000222400003013300041000100200030004100010400204020100302004000000221003021434000000000032300000000002124300440000003000300410040000000000020030100000004000030040200300000300030311233400000000000000001102002000000200000000330000303001
4011010320030000000300300400401010230243424040000000300000300003000204030000100000200100320200400300100100000300300230200330300000020003000000030303000002000000020040400300400300100200103004032004001300000400300200100300020000000000000000000000000444244414
0032000200200200003001040020020020400220242000004023203402000103000202402110000303030302200100000102000020020300002000040010300330010300400100034003000400030014100000000032000000000424210000000010100001040010104000010000104003200000002300110300030403034002
2020210000400010000200003030140002040020010300400204003001030020200030000120431030000000300000010403021210000000403020201013033220303023403000301130303400300330100201130030030003004003000400200201213020044004002100400020040000023300001200000014000000340000
0001402030000031303030301020040201100000000000000000000000040003402033010020000100003004023030000300004200002000041000000004203000400040000200014001400030300000003003000000031030040010010400201410300030000131131030303030000300000040101010100000000000040434
0034100030004310000000441130000002001300000400300300100000200110000330213001001000400020004000202400001400001400000030000030003000023400303040300103304000200004000000000000000000000000400040300302304030000130402040040030201000004300004000004000004000004130
3031000010003030100004001032240001000000002001001000000002001001300130232030303032432030303001340303040404040404000000002000003010000000003200000000042421000000400330404000000401000001401002030203320000030203012303130033002000120000230000340000400001400304
0103000220400103000022020304000010021000120313034400430304030210000004310210000000000004213210003200000321030303124003030203030101000401130103140310000114001301004043323013230010030302020002040030030030020020020022020200000420131200110300410000400000410000
2102133133442440440002000200000002213001300001030333030043031000401001004010010040040200120400000303132340000400010203032333430001000200200030041004020302000041130333004114001313122323131302410000102440000100102442000000102433034001030043030304031003020300
0401010040401110040102000040100004023020430103034004031323000100000410000300012000410200020042000000030003424244141103031303030024000024000002400000300002300000230303202323232323230203030303000000000000000201010000000301010123431220000333000303030004031304
0020100004120100020100003120000034124220232323030323233411440040003000040003010040003000240003004323000103430302000303130400033000101000010400101040000100001040020332000003020301230313003300200100000000004420000000000403423000011440000011400000001400000001
0000030004030331000000000000000003301030003030323030303022003003034000004000000200000210000421000003301000203003000420003100021301030000200420040002004100400010300002200400400400400400400400430301020020400200003040020000004000000001020404000010000030300000
0040202010101010000003020201020040000402010030200400000020100300030200401001103003003000000020013000400400133030323033301030300403032400131310000140002000030014300000240000000000200000130000113300000012330000001240000000134012234400000000033030303011031403
0300000000030003000000000000000000000000043210000330341320303003030004310003421303032000003200000004200000000020003430330034000303020040003300430323040204020400002004003003000004004333003130000310400000032003010303200204001000001020200000000303230310304040
0203040302010101020000010002000002010000200003010000402000333100000040030103000003330303032004000040040010003003002421402303300303200000002300110300030403034002001200002300003400004000014003040001144000001140000000140000000103030300001441030303000000032413