0013000010000300002300003000020000003030000104000010000002020010100000000000000324211000000000003003003003004001002002002102003003004000200300020230041002003200000000224000000002300000001133000303020100000000024030302010000000000210000344030331030302130303
1000240010000200040100230020002300030000000203003040010020300004000000000000000000004404003344400100300302001023212040242120100300040004000100040004000400040004340000042300001230000001000000130000000000020100000201000201010300312003000342000004031000000031
0020000003020300130020001000400000402223400100003002004004003000212233430402000000000000000000003010000110004024020000401200020000100030004400002000410003000022000240030140001300001300000220000000103020020001040400000030200200000003304441000000000010032000
3002002002020000100100010040030002012002000100200402300000400010000001112332000000000030440000000202010300304010000002030000004000003300004100004300022200003100200023030040001000020000300014000103000020400103000020000104000000000003340343310000202000000000
0000303000010400001000000202001003004000200300020030041002003200000002100000410000330000021000000000000000000000000044040033444034000001230000123000000100000013002000000300030013302000100040003010000300004024020000401000020000001033200000010404000000302000
0200200200000020030030040040001000003300004100004100002000003100000000000423433400000000000000001300000001340000001300000002430000400040004000430010001000100010401003000030040100300003000020000000102020304000000031010203040002002041004031001000003002002002
0000310004000001000420000310004000000324310000000000000044310210133003000001130000000022440000000030000400030000400030001000140000040200300000302003000010030040040400000000001000000010100020000100004002001003002001040030030000041000400003100020004100030000
0000011000000000044111000000000422200000000000223440000000000122001300034000100013000030001000022003000000020030010030030000130003040402030402020001020000010000020400200103004002040030010300401004100010001000410040000200041000003000000000020000000042200000
1000000000000003242110000000000000000210000041000033000002100000000400040004000400040004000400040040020010010000300200400300100000001030200000010104000000302000020201030330402010101400020000400100300400200400020001003001003000400340304303233343304030430313
0001200300340000044100003300030200000300001312203030323232300120000003243100000000000000443102100041000343002002200000120100300004000400010201000100010002004200010000430200100300200104004003000000020202000000333040030203010330401003000203000000302000040002
2003010303020030010030010301130340001023400010301030003100304000230001044300023003000343031200031342400310000000000102244230000010000103030000433000100300000000000004100200110000320000320000020004000403010002034200420001030100400000020204301134302002002040
0000003333400000000403000010332302030200324120203032020200304010010030040330040003130000130203330040001300100034102000100020002400012000000340001400000234000012000000033120231030000030303000010000043102100000000000042132100000400003200000323030021030342100
3003003003004001002002002102003000000000000000000000440400334440004002001001000030020040030010003002002002000000100110141040030000000000040343310000000000000000002000033010000400000103004002003002000200102010030003002000000100000322110000000000000044310210
0010030134001001030000400104002030024001400200020000000000300040000001100020000004411100000000040010300002000010300002000010400040004020100010121002240221002000000030000000000200000000422000000000301000011000001032020202040010001400120022000030002000030003
0031000000031000300031000000431000000030304000000204030000103020200000000040001300034000100002400021000000102000043000004210000404010000001020303040000000000102240001300012402013000030000100100041000040000002000003400004210004040300000020200000000110000010
2001002400002400001400011400000310300004100012200002000041000001030404030301020001010000000000002300000140000023000001400000230004100000000420004300002000021000040302020000004030201010000303023400000124000000124001010000000100000010004000030004200031000210
0300400020030002023004100200320034000001230000123000000100000013000010302000000101040000003020000000000004034331000000000000000040100300003004010230000300002000000031000400000100042000031000400030000400010000400130001000120001000040320010040121020400300300
2220000300000022324100000000041203040402030402040203040000010000000030000000000200000000422000003003001004033022204022232324001400040001000300020042004200010001000340000200031140001330000300000103000020020104000030000204001022111104242221443232214333332044
0300004030020403000040300004000020102001220000020101031000044100300030024004400300030003001002100040041113002002013300004104100200000230000201324000000024300200400000020402030103000400000010001000000000024304310000000000000401003004000320030030000203230201
0000001000420003000420003100021020000300002300230001400313000340003001030022000300103002000000040000000001041343440400030000030030202010000000020401010000000010200000234000000001202002230303000100040010010014001000001400100103000000200410040002004100400010
0000002240000000023000000011330000200000030003001330200010004000020201030330402010101400020000400020000330100004000001030040020000003100040000010004200003100040001010303303002020232303030300002000030000041420233300012003003020330000300200300100300300001300
4003030301320314020000000343203003304300100300400010021002003004003100003023101303031130033043100000034223340000000000111000000000400010001000321023001303200024030000403000040300004010303403000020022314103000130130400304010100041000403023001340203120220014
0110022000001011000130413221111123000031203000330120214020202310331002300100200402003433323423340000433000303010100220402020001002102203001004323232100100200230004103000210000001400200102000140000000001311143443400000000033000030313000130011030100303000340
0100002000010302323201000030033400203300323030302020000300002040100410004030230222322200300043301000033030000442104000000000042434000001234000001220000002400030300200030030031013302033303400400040403030102001113131343432340400000000040040141040040040040040
0303020100000000024030302010000030100003000040240200004010000200010030040020040002000100300100303002000200102010030003002000000100300004000100004001300010001200200003000004142023330001200300300000004000030322000003132203030013424000000000000001002240300000
0000000000020000003104023434123200000000000221000000000001110000002100000010030302330303401303040000143022000034030223030403340004020100020042030403040340030000004004300130203230103330210410320201022000030320030303330103032004000020003432033030102030310430
0000420000000303000303430300000022230300002340300431333433134000400003003030010303200204034304030000130110323030310210313000013030003000000203010301000100220020001300304033433033200043303040303400001200000332430304200003120100000132203330303441130000000002
2132122430404203030303000003030000000020410401103330000000303030100000033110000301402300030440000010033041333431033020303043333000001000100301000400041003430000020020302034003400410020300304300030030030000323000323000303030400010000204002000030001200000040
0000021000034403033103030213030300001033200000010404000000302000004003403043032333433040304303130000032211000000000000004431021001000040320010040121020400300300203300003002003001003003000013001342400000000000000100224030000003020001000100020042004200010001
0231330000202020041002010030401000012000000340001200000034000012004000002000000220000210000421003030020103000010103020400002020440001000240004001000240020000000403000000000430431000000003000040020030020010030400300200100004031304002002004001004000003000010
0030000001211341240402000000000034301100420001004000000020003000304020041003000000102202010003011430101200000034400001200000140000300300000220000020300421000040300020002020400020210104000000000040002400140020000200330003000030004322100000000020443210000000
0034004003002000020020010000400320040000040000130010100000100000134330303000030000000000010123433031000100420000000000300010041002000100402000000301000040203000303233000012000000340000003400000011000011000041000040000041000030300001020404000010000030300000
1000240010000200040100230020002302002002000000200300300400400010000120030034000004410000330003020010030134001001030000400104002022200003000000223241000000000412400303030132031402000000034320300000000000020000003104023434123202313300002020200410020100304010
1003000033130000000411000000033100040100300300002001004010000030003003021000422000020000410000410040022033024020202120242024004000010002004400010042000000000020200003000020002300014000130000400200210200220200204104104101104100012400000013000000123000000100
0000300002020020104000030002204043432204000000000003030323211040004040310002404040000040004000001010101041212110030200000000000003000000100204010000201003020000000000421000004203000004210000032004000004020013004010000010000034000021000400003300040000410002
0030003001420140020002000300030000310340001003100300310030000302240004330002000002400014000024000004034000040010210020010000230100000214000000102100000000224000003040203000000100000000334301022102133133442440440000000000000030202020101000100000030202010200
0003000000020300304001002030000400003300004100004100002000003100000003000013122030303232323001203002400140020002000000000030004003040402030402040203040000010000033043001003004000100210020030040000000000022100000000000111000000012000000340001200000034000012
0004010030030000200100401000003000003000020400103000020000204001041000000024200240020020020210002132432334400000000000000000000000100024002000100020000000020003302020100000000202010100303000100020040001001002003003004100100200024000002002203000000220000000
3430000123400003124000000240000001002002000002002304003004002004403001000000203040000304020202300000300010200100040004100040000000300000000000000000000000000000102042000200013000340002000030000230010040200000030100004020000000200000000000020040020020020020
2030000310000342000000421000004200200214002000102420000000224000303300100200030040040020020010010000101000202000002000020204040003000300041000100200030004100010011000000000000000200000000400230024000130000100003000024000120040000402010030200400000020100302
0000000000000000000044040033444000000000042343340000000000000000000003243100000000000000443102100000011000200000044111000000000400003000000000020000000042200000003100003023101303031130033043100021000000100303023303034013030400400000200000022000021000042100
0030030210004220000200004100004104100000002420024002002002021000020202100210000300042000310002100300030004000430003000400040000104000100420001004200000020003000030000302004100400020041000000100300010020030001032001030200200304002332023004104202020202020100
0000000204004004004002034004014000040320000020320230003130301003000400300003002043030313400001000001033022400202003042040202004040010100002000000004000331030404400101320000001220320132333020000000030102040400031003003133000140000030000001323134320403042400
0040404040302000434033303023201000402300121000220002131302030000303023100004000003000330201010003010003402000002400230343300004040000402010030200100020220100302402003310020000110104004000030004010010040100100400400001004000000040040100100300300401000002001
0100300302001023212040242120100313000000013400000013000000024300004100034300200220000012010030000010300002000010300002000010400030030010040330222040222323240014000003422334000000000011100000000000143022000034030223030403340030300201030000101030204000020204
0040022033024020202120242024004021324323344000000000000000000000030003000400043000300040004000010400340020022401020200040200000010203000400224002000020003000200000000000044402314123241113010202001203120300200030000003000300030202040000103000121010010402030
2023200120002100302000030001300010000030000204310020001020000442210040032030010222030040001001000300002010020201003220142300000040002022200003000002300000200000000220300000220100000040200000132010210420400400014104302001000040203130400401003004000100040010
2000210020000131020202201000002310103040000231000003000002100010200120002040030400102000013000300200403240000000100000140000241014340030000001323000000000021240030000420000200004100000000420000000100040000203040001012131400030004004001000000200030030000001
0004000400010004000400040004000400400040004000430010001000100010040004000102010001000100020042004000402010001012100224022100200000040001000300020042004200010001004000100010003210230013032000240402010002004203040304034003000040001000240004001000240020000000
0001000200440001004200000000002000100024002000100020000000020003040001004200010042000000200030001020300040022400200002000300020000010040000200420000003000300030001000240014002000020003000300000401030001004200000030003000300043022230100020000300020003020340
0001010100420000003000300010041000100040002000030002000300024001010042004200000030003000100410044002233020000200020003000142034000020002000000300030001004100400001400440002000200030001400140000100410000003000300010041004000240022330000003000300014003400030
0002004200200030001004100400030000210300000300030001400340023000010002000000300010041004000300004000103002000302024201400230010300420000003000300410040003000000002000000002000340034000300101000100020020003004100400030000004140001400030000000140002000030013
3400000423000012300000010000001340100300003004010030000300002000010000430200100300200104004003000000300000000002000000004220000000034000020003114000133000030000030000403000040300004010303403000040043001302032301033302104103240300000000043043100000000300004
2000030000200023000140001300004030202010000000020201010030300010030000302004100400020041000000100000000000444023141232411130102000100024001400200002000300030000040034030000040404030003022423001000103020022000300030033000410021321324324304004000003000000000
3000403300010034003000400340030000000001020404000010003030300000032000100001000031004203031303020000000011222300000000300000344000001430400300300040040030030310001030300102000000204031010400000000313000440003430303410000444013400000001133300030011100000000
0004032013010030030030000000233100020010300102003030010000300103004203030303020043100000031003300000344000003400003034000003341002000010000102400003004020030030003003000000031030343040313401001000003041120000000410403031304130000024000000000020000013000013
0000000000020100000201000201010300001020203040000000310102030400000002020200000033304003020301030000301000011000001032020202040001030000200201040000300002040010002002231410300013013040030401010201022000030320030303330103032000200300200100304003002001000040
0200210200220200204104104101104100200400010010020030030041001002030001002003000103200103020020032001203120300200030000003000300004010300010042000000300030003000100010302002200030003003300041000000002300000001000000001000000000004000021000100043000410000100
0030010420000300004100002000031000300330003300000300000300000300003100004320000440000002000003212000013310000003100000431000004203433300000033000000033100000044110200304310000000003220000022000000043210000000000432100000000001320030003003040323100003030000
0000000044033311200100000000000022222311112000000000000300000100000000000000000000000000000000001332443010000000000000030000010000000000112334000000020000000011141401300000010133300200010100030000102440000000102440000000102430300100123000000012400000001340
0031200300034200000403100000003102002041004031001000003002002002304010030002030000003020000400021000140012002200003000200003000322111104242221443232214333332044000410004030230013402031202200140400002000343203303010203031043031304002002004001004000003000010
0001240000001300000012300000010000024000002002203000000220000000040023320230041042020202020201003020204000010300012101001040203043022230100020000300020003020340213213243243040040000030000000000000400002100010004300041000010000004030000000002040400404000030
0100313103400402001033004020000000002300002130000012003000140000000334300002004411100003241300004000200400210030020040340002001000302210100000043004040201010000300010002021200030004030200130001322432030000300030303001010004000003100022000440034200304100020
0000323002010010402002100010020202003003002030040040100400400001000032300004000021100011140002030043321000202000043211000000044302002000000200000000030000003003000000401010301000000000202400143000413100034003000100420004010012234400000000000000000021333400
0020000003020300130020001000400000003100040000010004200003100040200301030302003001003001030113030031000000031000300031000000431003000040300204030000403000040000011002200000101100013041322111110000420000000303000303430300000000300000012113412404020000000000
0000300002020020104000030002204034300001234000031240000002400000000000020400400400400203400401402023200120002100302000030001300000010101004200000030003000100410300040330001003400300040034003000030010420000300004100002000031001003131034004020010330040200000
1003000211030000441003000443010030100004020000004020000301000040000000004442334112011300000001000400013400000010001010001010301022334300000000030011223341000101000100320020000330302020313322000000344000003400000032000103340100100130303300000300300010400000
1000030000400024000143012000010003300230020003004100111000004200010002000400140240010304000000400010410020410000300003300003010040140100200300000003023004004010003301000010433010101240120102000401010040401010040100000040100000300100000000000000101000000000
0040222340010000300200400400300000000324310000000000000044310210400010234000103010300031003040000000003030400000020403000010302020102001220000020101031000044100230000312030003301202140202023102223030000234030043133343313400034301100420001004000000020003000
4343220400000000000303032321104001002002000002002304003004002004000403200000203202300031303010031000003000020431002000102000044200100040002000030002000300024001000000010204040000100030303000000030033000330000030000030000030000002300002130000012003000140000
3010000402000000402000030100004000021140032000300010041004000300003002300032010121232343402020002004101034002002003002004002001000000230000000000020310000000100000331303000000004321000000000044030143003310303014000200013104300100040301030303030000000010003
0400023220320300004400000200002244000030340000001400000022000000033102102030030100200010000404010100403010002004000200310040002030434243121040000020001000000001020013000004003003001000004002400102010040040000400100402002040000000000043210000000043320101000
2122334304020000000000000000000013300300000113000000002244000000230001044300023003000343031200032000000000400013000340001000024030003002400440030003000300100210331002300100200402003433323423344000030030300103032002040343040330402004100300000010220201000301
0040403100024040400000400040000040300100000020304000030402020230000400300003002043030313400001002100400320300102220300400010010001004200420000003000300010041004032000100001000031004203031303020031000043200004400000020000032100033430000200441110000324130000
0000000044423341120113000000010000300230003201012123234340202000000000210000000102430000000021400003300000330000133000013000001300040302000034001200003002140204003004220330020033000400000032000240030040140000040030020230020202303342043003230301002023242000
0401030000401002040300020040300004300231020003040000202304000000001013404001010102001032400101030020043002004303000040040010200200000200000010000220030230020040000223430211033010102220001002200004130003000020004100000000420000300431000042100003402000320000
3010000110004024020000401200020000300004000300004000300010001400134240031000000000010224423000000021000000102000043000004210000400400411130020020133000041041002000043300030301010022040202000100000130110323030310210313000013014301012000000344000012000001400
1010101041212110030200000000000000003000102001000400041000400000000103302240020200304204020200400300002010020201003220142300000040022330200002000200030001420340000000001122230000000030000034402000013310000003100000431000004240002004002100300200403400020010
0400013400000010001010001010301020041010340020020030020040020010000330000033000013300001300000130010322020020000000040014423401103000210004200041004300032000300002000010420300002000010000200004020043201010343000001020040303000400010004400340011002200000003
1144423000020010143430002000001020221000002310000004200000003000003102000400400010020040002003000000400000202002020302000004000401001001000003003004003003003003240000140000340000003000003000100000013000404441111100301000010000042000000000200031000300043000
0010003000440000200041000300002200040200300000302003000010030040100001030300004330001003000000000401000000102030304000000000010200000230000201324000000024300200021022030010043232321001002002303000300000020301030100010022002000300300000220000020300421000040
0300000010020401000020100302000000300000000000000000000000000000400101000020000000040003310304044000202220000300000230000020000000020002000000300030001004100400000014304003003000400400300303100343330000003300000003310000004400302210100000043004040201010000
2233430000000003001122334100010100000230000000000020310000000100000403020000340012000030021402040300021000420004100430003200030040100103200300002303003000030032100000000000043421000000000000040000000010001030303030000000010200300114003000123000000013400100
0100200200300300400300010010020030004001301040011022000300040102000032200002100000100004100004300300002020300301004030000400010000000000000000000000000000000000000122000040430011230011214102042400032400000140000030000030000020020000004000401040242002000401
0002400301400013000013000002200004040000000000100000001010002000000004100200110000320000320000022400013000124020130000300001001040000002040203010300040000001000004103000210000001400200102000140013003040334330332000433030403030002000202040002021010400000000
0000004210000042030000042100000310204200020001300034000200003000400101320000001220320132333020000002203000002201000000402000001300140044000200020003000140014000001030300102000000204031010400001102003043100000000032200000220030001000202120003000403020013000
0001003200200003303020203133220000033130300000000432100000000004003004220330020033000400000032000020000104203000020000100002000010000000000004342100000000000004300042010010002000400100100020000103004000340323200100000001100000000034422011000000000000000003
0130013020324002300001000200112100200000103001001000000020000000000002300030000030000000000000202001000000001401300200100000000122001040032040232030021010000421000000000000002020200000100040100001013000010000000000002020210000200400300300000400400310011000
0000103020020001040400000030200201000040020010030020010400300300000400040301000203420042000103010041000040000002000003400004210010000000000243043100000000000004000000000131114344340000000003303400001200000332430304200003120100400024001400200002003300030000
2004000004020013004010000010000002300100402000000301000040200000000003010204040003100300313300012010210420400400014104302001000001004100000030003000100410040002000031300044000343030341000044400000043210000000000432100000000013224320300003000303030010100040
0000344000003400000032000103340140301430033103030140002000131043024003004014000004003002023002024020043201010343000001020040303000000000100010303030300000000102010300400034032320010000000110000044002300030410020000003104100204200003000041000022000330000400
0000000004321001000000332000000300000000001000001020001000101112330000001230000101340000011300030014003300314000330001400030011420020010000004003103011001000203033103200000040040201004010120100000030000000404040300000101010120104010001020001320202032343011
0000000330444100000000001003200000041000400003100020004100030000004000000202043011343020020020400404030000002020000000011000001001003004000320030030000203230201000303130001300110301003030003400000013220333030344113000000000230004322100000000020443210000000
3400002100040000330004000041000200200000000000020040020020020020400000300000013231343204030424004020313040040100300400010004001040022330000003000300014003400030134000000011333000300111000000000132003000300304032310000303000000003100022000440034200304100020
0010013030330000030030001040000000100040301030303030000000010003023033420430032303010020232420000040001000440034001100220000000300300114003000123000000013400100000000344220110000000000000000030420000300004100002200033000040001012302004101030002003010200000
1001000102000000102010310030422200203300003030340030300002001020000020004000400140204002300040203300300012440030014000000003101020200000002000000020000041414431000023000040000000001040200041100041040002013002000000002221310400001020200000000303030020001040
3002002002020000100100010040030000000110000000000441110000000004000000333340000000040300001033232001002400002400001400011400000300000010004200030004200031000210010000200001030232320100003003342132122430404203030303000003030000340040030020000200200100004003
0030003001420140020002000300030020300003100003420000004210000042004040404030200043403330302320102000210020000131020202201000002300020042002000300010041004000300000403201301003003003000000023310000000044033311200100000000000000003230020100104020021000100202
1000030000400024000143012000010004000232203203000044000002000022040103000040100204030002004030001144423000020010143430002000001001002002003003004003000100100200013001302032400230000100020011210000000004321001000000332000000310010001020000001020103100304222
0001300001310000200200200000013000041000300040000200020004000010401003000020000100401003000020200000003000300000000000000000000000300004002002000030010400200203303023303000330210002102100024000020130004120300020102023120000004330403020301020200013200003000
0201200200010020040230000040001022200000000000223440000000000122020302003241202030320202003040101030000410001220000200004100000120000300002300230001400313000340002033003230303020200003000020400000002041040110333000000030303020040000040000130010100000100000
0031034000100310030031003000030200200214002000102420000000224000004023001210002200021313020300001010304000023100000300000210001000210300000300030001400340023000000200103001020030300100003001032222231111200000000000030000010002003003002030040040100400400001
0330023002000300410011100000420044000030340000001400000022000000043002310200030400002023040000002022100000231000000420000000300030004001301040011022000300040102002000001030010010000000200000000000000000100000102000100010111200203300003030340030300002001020
0004100030004000020002000400001000013000002200000240000240000441403000310201030400000010001020400000000002302000000040000000004300400230040030004003001100200100010030003000011020001010040013011210443000010000000000121444004002010000200003010000202001030100
0000011123320000000000304400000000130003400010001300003000100002010030040330040003130000130203330304040303010200010100000000000000300103002200030010300200000004100410004030230222322200300043301000000331100003014023000304400013433030300003000000000001012343
2400043300020000024000140000240030330010020003004004002002001001303023100004000003000330201010002001200020400304001020000130003001000200000030001004100400030000004203030303020043100000031003300000000000000000000000000000000000003230000400002110001114000203
0100020004001402400103040000004003310210203003010020001000040401001013404001010102001032400101030031020004004000100200400020030000003220000210000010000410000430000002300030000030000000000000203300000012300001013400000113000300002000400040014020400230004020
4010030000200001004010030000202040300031020103040000001000102040010000000013010000020010010000020020004100003000041000300004100000000442211000000000000422010003003003034000030204134000000001340030030400030300400032022400030002304003010000030130003000203400
0202010300304010000002030000004020030000000200300100300300001300004000130010003410200010002000242300000140000023000001400000230000000000010413434404000300000300100003303000044210400000000004240010033041333431033020303043333030310001004200000000003000100410
0004034000040010210020010000230100001010002020000020000202040400301000340200000240023034330000400200403240000000100000140000241040001030020003020242014002300103000034400000340000303400000334101332443010000000000000030000010000433210002020000432110000000443
0010410020410000300003300003010001004030100020040002003100400020002004300200430300004004001020020000400000202002020302000004000403000020203003010040300004000100200100000000140130020010000000010014003300314000330001400030011433003000124400300140000000031010
0000003000300000000000000000000000000000023020000000400000000043002000410000300004100030000410000000003004000300300400030040000001020030200203000020000100103000030334343404141410001010000003004020023100410104020000110400003000400400100030030024014003000000
0000330000410000430002220000310003040402030402020001020000010000000120000003400014000002340000120410000000042000430000200002100030202010000000020401010000000010340000012340000012200000024000300000100010030100040004100343000002000100402000000301000040203000
0000021400000010210000000022400003000300041000100200030004100010400004020100302001000202201003021434003000000132300000000002124000420000003000300410040003000000020000100001024000030040200300300000000011233400000002000000001102002000000200000000030000003003
4014010020030000000302300400401030434243121040000020001000000001000002000000100002200302300200400100100100000300300400300300300300000000000000000000000000000000220010400320402320300210100004212002001000000400310301100100020320200000002000000020000041414431
0030000400200200003001040020020300400230040030004003001100200100000004422110000000000004220100030102003020020300002000010010300030010003400100034003000400033012100000000032000000000424210000000010130001040310104002030000104000200000002000130103013130302002
2000230300400010000200003000140002040020010300400204003001030040000000033120231030000030303000010403020200000040302010100003030220000023400000000120200223030300300200030030031013302033303400400200203020340034004100203003043030323300001200000034000000340000
0030402030000001000000003343010201100000000000000020000000040023402003310020000110104004000030000300004200002000041000000004200000200000000200034003400030010100003003000000031030343040313401001414013000000101333002000101000300000040101030100000000020240014
0033010000104330101012401201020002001300000400300300100000400240000223430211033010102220001002202400001400003400000030000030001000012200004043001123001121410204000000000000002020200000100040100331032000000400402010040101201000002300004000000000104020004110
3030233030003302100021021000240001003000300001102000101004001301003003034000030204134000000001340303343434041414100010100000030010000000003200000000042421000000400330401000110022202001431300000400043002000001042101110030002000120000230000340000400001400001
0103000020400103000020000104000010041000100010004100400002000410000004310210000000000004213210003400000124000000124001010000000101000400100100140010000014001001004040303010200111313134343234040030030030000323000323000303030400110000110000410000400000410000
2102133133442440440000000000000000240001300001000030000240001200401001004010010040040000100400000000100040000203040001012131400001000200200030041004000300000041100000304112000000041040303130410000102440000000102440000000102430004131000340030001004200040100
0401010040401010040100000040100001020100400400004001004020020400000413000300002000410000000042000000013000404441111100301000010024000324000001400000300000300000000101300001000000000000202021000000030000000404040300000101010100410400020130020000000022213104
0020130004120300020102023120000012104430000100000000001214440040003003040003030040003202240003004020023100410104020000110400003000101300010403101040020300001040040004300200000104210111003000200100000000004420000000000403423000011440000011400000001400000001
0000000334034331000020200000000000003000000000020000000042200000004000032000003230300210303421000000001000400003000420003100021003000000200410040002004100400010000000000400401410400400400400400001000020400200003000120000004030300001020404000010000030300000
3020202010100010000003020201020040000402010030200400000020100302000400401001003003004010000020013000400400100000020003003000000140001400030000000140002000030013300000240000000000200000130000133030010012300000001240000000134012234400000000000000000021333400
0030010000000000000010100000000000000000043210000000043320101000003004310000421000034020003200000004200000000020003100030004300020020000004000401040242002000401002004003003000004004003100110002010401000102000132020203234301100001020200000000303030020001040
0433040302030102020001320000300002010000200003010000202001030100023040030100000301300030002034000040040010003003002401400300000000200000002000130103013130302002001200002300003400004000014000010001144000001140000000140000000100000000021133000000101000002113