0042000420003100030000310002000400401003004010200301002000030140443332214333321433232213323221432030420304003040030400304103040001340012000010000040012400023000002200430004200033004420003300440020140301402024000000100301403043132331223010112324200412131324
2040000200002040030403234031030300340012000023000134001200002300043000430004000041000110002000220030040000404023212000242320402031331221220420110110110000000000102000000300003041010410202002030214002140021300003000033000024000400041000310043000310002000030
0030030200420403000000030100100433330303311111000011100001002000002040020302103001020400204020400134000444000100012400012100023000200402000010030100310041000412002014003010140100401001414034013213221021120100000000000000000210304004320400303001010420400000
0034000140020230002244020440001200210032000300021101110041004000003003013022020000400404402013012323231310000000000000000000000300203041020400001220030004102030011400033300022000024400003000020440043200220043004310001000300440300404302003004000212020130240
0040100300401020030100200003014001340012000010000340012400023000431323312232121320212201121010210430004300040000410001100020002210200002030000304101041020200203003003020040040300300003010010040134000134000100012400012400023032132213211001000000000000000000
0020003200020002100411044100400000203041020400001020010304102030403004010040030340000100201302400024000024000024000024000024000011100000000000030000044433322211002004110030004100300042003300022010300000020404101000200001030300300300203431401003003002004014
0024400011400011330000330000020033011010000000003343311011000000042003200200031004000310042042001010104040000003030404042020203000200000100200000300100200201300012140001114400001340000034000002201100000004423311000000044033104100310430042003004200320021002
0010202040203000010200020203040300200140140030020140030020020024001220000112330000222440000233403200000000342310000000423220000003100100420020040042100100300310100020200020203020203030403030404022003003401001000300300240140000123400000012340000001234000000
4433322143333214332322133232214343132331223212132021220112101021313312212202201101101100000000003333333001111100001110000000000032132210211001000200000000000000232323131300001010101202020000032323112000100000020000000344023311100300300303333333342413102014
4220210300000000030403343113140432211300000000303020100443300000330110100000000033433110110000003221000300002004432112010100000031210000000204032311000000000403220110030000442331100000000403311110010303000222130000030023241443100003000433200000000032131000
3200010303342310000000403021000330102023303331300030341441402000221101030242110003044324130000423101000340311000004344120200042122110103013100000344100300000201221002043012000004340000000221001000000230100000412100000043240031000204440100300442300042202000
3100000134100003341000043110030222000233131100020132000211300044310000411300002124000042130002242000004030000433100002300000231021000002100000210200022200023200100000204000434000042140302320004200003100000310004200000421000431000334400031403021100024400044
2030420304003040030400304103040004300043000400004100011000200022333333300111110000111000000000000034000140000230002204101440001240300401002003004000010020130240203040003102040000402031020304000430002103202010002104300010003233011013300000003343311011000000
0004030330440000234000122400001240100130000100240100140040200200001020204040300001020002020304030410020041003000100410020040003030100020003331120002033012100000001234000000123400000012340000004003001002001300100242100020004000000000040024000304030402030203
0400400320010010330030001041040031000003311000033110000431100004001204244000000001201344000000004012001300242024000000100010002000100203010100403010301400030201010410410400302300300210200104203101033110003110004111304410004400000100202202040440400100000010
4001200124001300130002400240003410040201402024020100004020130210020410100204102041010010410104103000330000300003100031000310004100000000000000000000000000000000400024000240000240002400024000240201403010030040000202413114020002020020203000030400104040010400
0134001200001000004001240002300010200002030000304101041020200203321322102110010002000000000000004030040100200300400001002013024000200411003000410230004200330002002440001140001133000033000002001010104040030003030004042020233022011000300044243211010000440331
0020014314003002044103002002031403100100420020010244120100300310001234000000123400000012340000000000003000032020202020232323000310000004321200004321000000432100001300040020003001001300040020020300410200320300410000300410410000001134214000010000022133004000
0404030300024040401010000202030101202332420031100142110044102044400030014402200014002200030004400100000114001000020302400200104000000000010201001120112312234322140100413200030201221014010030202100430000120032000421004300010040002340012300010000340004220302
0202002020320003040010404001040000000000004304432432213400000300020130240302401001002002003004012003300420033000200030021000230430000020000022440201430000022000020202333300101030403013434303000004003311000000044422000000000303002001400302001400200200140030
0022004300042000330044200033004400300302004004030030000301001004232323131300001010101202020000032030400031020400004020310203040000244000114000113300003300000200033004303103032013231103440331004010032010044043234304012001003032300000303423100000004232200000
0013131320003010131010202303203000311100000000213000000102240000040040030021002301031030132104004002034400100030004002000340100020000042300004311003023303002310040403030000404040101030323201010010124112233430010130000101011203001030013010011320300123201040
3010312013001401014131200113010230003330301000131120010023300001031402401004010242103233332333330000033000303010100124040410330340120100101001333032103040020432402001400002200011240200402001342003300420303300203030041000233403213312010030010034004334024020
0000042320100302023044131000033001220402323332131334000400001000300000020224030213210200000233303003031034100210303020020020040001000300200120010033002401300130000421000040311010334130303410004000003030001014003033323030303044300000000001202133244000000000
0020140301402024000000100301403001340001340001000124000124000230232311200010000002000000034402330430002103202010002104300010003210101040400300030300040420202330401003201004404323430401200100300022420000144203000001330303003031010000303110000043421000000421
0300410310040040040202042003002014030000040302020100000100403020401200130024032203030313031303200000344143440002030303030421140320020441000021130130030333030322010000200230103031303020320010202001040040201303040333230402034040003330022230333031243033300124
0000020000000303000202023240334301203300413311400343320332430021020204040000330304010101032320400401030320330031231233301032002000000004000003320303033200032330000444122033303422133030303004131003003100100223000333031004033101004130413330302310203000400010
0200220020003303330103100012043034300030003432432230000000010120004120000412000344230304100003411040013030313020033230402104331040002000030101003020200000030030022030040034303130003430413301103333333222202242424231313241313300320001000320043100031000100031
4313233122301011232420041213132432132213211001000000000000000000111003003003033333333424131020143301101330000000334331101100000022011000300044243211010000440331323000003034231000000042322000003101000030311000004342100000042113030004321000004321000000432100
2233333331400002201000011130004421000002100000210000022000023200310003314000311020411000441000440030041000031000031000331000331010004210003130043100310000310003013043000010003200042100433001001030210002100340033200420043000410304000210042003100431003000320
2033300420203003000032041000200430332003000310310342003100420420203410421041003004400002430233044033103100100420020030031001003020330040001032043003304000100204004110200200110320000210400400320021041002030041030041320030030040400200100300204123002001003042
1011030010410400104104002042040020310200104003030030000100003002101042043010334004001030403400103000400302001030022104002040400210200002030300002030000303044010300030410203010304302030400001032010302040410002020303040010102040401010404030404040420202020303
2040000200002040030403234031030300200032000200021004110441004000422021030000000003040334311314040004030330440000234000122400001200200143140030020441030020020314001313132000301013101020230320300300410310040040040202042003002022333333314000022010000111300044
0003121332424000000000120232404000004001200140002300100004001200000400044020040201000040201302000204004021002020000124244040020220003300440200200040000110002000000000000040044324322131000000004000014000022400000400000231000202002002002003003003003004013003
0102010202000203030400040002100030334340031004003102230403402410000441010000430000000211000004114440102000010243420200000021214001000100010202000200020002000200313030200004010003202404030201002031020010420303001000010000300234420041200411004410041100411004
4432222100241000000000000000000001140301240000240300230000230300301000033014003004020004024020041030233020300011200102010304010004100200410020031202003100200310304030000222000004412100030133110001132440000000011400000000113230424004000200230010002400400120
0034001200002300013400120000230000203041020400001020010304102030322113000000003030201004433000004010013000010024010014004020020003100100420020010244120100300310003111000000002130000001022400001403000004030202010000010040302021000002100000210000022000023200
0000400120014000230010000400120002002040000000200103003041030030000000000020000202020000020000000401003010024040130300302002024020002000400432002100400042000200300000200000224400014300303220000032020202040404040000002010201000041121002004444110000033311000
0130030020012004000300240130010010012010312310410210410410020420322040000000000101323131320202004000400003230100302020000200003000111000100044000432000310000100010420020000030001100002000113001000000203030000203000030304101023401110000000004410323111000000
0044000004024323013010010010014004300200412020031022003100200310013232400000031330000000124340000000040203020201022001400030403022000033100002210000011000441000300230022002200014201300130003000300102003040010020300104103000000000000000000000000000000000000
0430004300040000410001100020002240300401004003034000010020130240330110100000000033433110110000000010202040403000010200020203040300123400000012340000001234000000040040030021002301031030132104004012001300240322030303130313032031000331400031102041100044100044
0004000440200402010000402013020000000000002000020202000002000000040402202200000304001040400104004000014000013300013300010200010200031003000310310042003100420420030020314003020014002002002400300000322100003031130003411310000303004320223010100211120000030303
4430000200000110113322430000010010310130124104321021343000222400004000040003400132001243014202140032033102032001310040020212003100300101001002012314034331030141111000300000003224203202303020001010131040403040434040020300030400022030000112103032322240412000
0210310420400010000033040033041000124334020200300012103000420420210002111000421002410304341000430303013030102403022230013203000000000000000000000200020200000000020404302041400314201030440003042400002400002300001340001240000220030004000200330041104000300420
0030040000404023212000242320402000240000240000240000240000240000322100030000200443211201010000000410020041003000100410020040003000000030000320202020202323230003400203440010003000400200034010000000344143440002030303030421140300300410000310000310003310003310
0204004021002020000124244040020204010030100240401303003020020240400001400001330001330001020001020000304302122002020243221200100040232001243203200100300021040002000000000030300000402030203030302200230024002000040124003001300134400020000200021220123303400000
2041200001000001300200003200003110300033031210420224003010420010202024010030040202100301002404010014003013320010240200232000133002112000200432210000300433043211042002304003004200300020130021102000200323020303030202310101010040123033401200030013401320230023
2000200142012230310231021000000030103340002210032000331002200013220424204000030404200002023400200400301002004010024040130040201340000113000103300001320000023000000000432210000000432110000000432003000104000300310311020121040000003030202020101010100303030300
3133122122042011011011000000000011100000000000030000044433322211312100000002040323110000000004033010002000333112000203301210000010000004321200004321000000432100200000423000043110030233030023102002044100002113013003033303032210004210003130043100310000310003
2000330044020020004000011000200020002000400432002100400042000200000310030003103100420031004204204023200124320320010030002104000220030023031040001042003002003104004104100203004103004102003003001001031020320400300300004001002013320134001001020410300204023200
0020410302001030020104002040400210303011010103042010204000030200101020304040400101020303040404100012130000202030102030402032422010000003040304030203020301000100140302310000010040302010000403020403030000303000040401000020100004000330101002020030300404014020
0301003014020040200200002003010003020330020120040040100400321301030140030040030040030020030020030200303100240012034204013203012002002200200030034004001401200200024013300240130202421300130122000100012000200020001200020002000201300023000240002000020001300024
1020000003000030410104102020020300200411003000410030004200330002220110030000442331100000000403310012340000001234000000123400000000130004002000300100130004002002040403030000404040101030323201010100002002301030313030203200102001304300001000320004210043300100
0000000000400443243221310000000030000020000022440001430030322000030020314003020014002002002400300000000000303000004020302030303000410410020300410300410200300300004200004220004110003113031130003423343344004442344034433400040001340002340011200004003034000230
4030043020100130240000100201302410101010404030404040423202020303031001303004004004200203430223021000000421000004000000231000004300001132242243300400000000002302400030011300114002200013001330011401032030030143130201003014043002020000102023300233030300203030
2003033403020033004100300030020000044223000003442230000004422000230003030323310000000112340003300340020002400100122003400200031000002010020303003020230302004010203001010000304203303040203300300030002000330003200400330031130032102100000000004323210000000000
0214002140021300003000033000024020103000000204041010002000010303111001030300022213000003002324144003001002001300100242100020004003004102003203004100003004104100001012411223343001013000010101122001040040201303040333230402034010302100021003400332004200430004
4000014000022400000400000231000200320202020404040400000020102010000032210000303113000341131000032200230024002000040124003001300110010310203204003003000040010020342334334400444234403443340004000020030400300400002004020030000104200030041002000420031004200410
0111400000103300000232000001244000301143043404040404020202030202310000030000042200004422000431100002013240013000240014000300024000040330000203003041030000100102000200300034044322443221110022100201302400400401002002002403004030300032001003200220010024022044
3000000002134300000001224000000000004140203004040203014400303110002210043110003200001000032000040130012310011000134000320002010200204000020300002030020203000010234011300000040442121200010100024014014001002001401401440100100003400204203100100200200400420200
0040004100031004300031000200003000300300203431401003003002004014431000030004332000000000321310000000000004002400030403040203020300001134214000010000022133004000030010300130100113203001232010404000333002223033303124303330012410304000210042003100431003000320
0200200200200300300300300401300300041121002004444110000033311000030043202230101002111200000303033440002000020002122012330340000013320134001001020410300204023200013400023400112000040030340002300420003004100200042003100420041040001130040220030010024300013004
3100013334010000313130004041100000030301012240401020243400030300000002300112102132122332101304000304001030100400102000310310204030000324001130003220000033000024100320430022003204300000032003000300203130030314033300001310203100041100000320030421000304330000
0030323003000300401030100403020122223333430344400003333444404440001002300304002040110213041012310033000011302001133000033000001104104100310030031002002004100100000200130030224003400300242011113100042200000310000420300431010004030040303000040000401010110100
0030030200420403000000030100100400244000114000113300003300000200320001030334231000000040302100030400400320010010330030001041040004040303000240404010100002020301301031201300140101413120011301020000020000000303000202023240334320333004202030030000320410002004
0102010202000203030400040002100001300300200120040003002401300100443000020000011011332243000001002041200001000001300200003200003100204103020010300201040020404002403004302010013024000010020130240111400000103300000232000001244031000133340100003131300040411000
0303400000130203004002102004012003030100301024010240002000030000000014000030000344002040022301110000012043321021000000000040043300031303002000330020420042004100000001220020402020002010000022200340020002400100124001400300030133000024443000000000000010100100
0031003100032004200040010200002110002120010202000020203020000303002401400300400400240001000240130011230020000111433000000022304410000032100043210000420000431000020431300110004010141231030002300000004000030240201302002014030040301234000124000013001013340002
3333030331111100001110000100200033011010000000003343311011000000301020233033313000303414414020003100000331100003311000043110000401202332420031100142110044102044300033303010001311200100233000010120330041331140034332033243002130332003000310310342003100420420
3033434003100400310223040340241010012010312310410210410410020420103101301241043210213430002224001030003303121042022400301042001010303011010103042010204000030200101010104040304040404232020203030030114304340404040402020203020200030301012240401020243400030300
0303010030102401024000200003000003011133120200402002000020030100143142440122140240240303302321301300203220140040024020030013004013301030243024020002300300030130014011203140022400300020013000140110000300334303200002000140100400440031440002240033300011400012
0143423001010000023000012340000111114320300002200000011134000000004113444024000000210344400002010000003202223233333330000000000020202000202000000020001000000001000000044440232301101000002001100000402212010000003431010000010000044110000003200000044210101003
0020400203021030010204002040204004200320020003100400031004204200221101030242110003044324130000420012042440000000012013440000000040003001440220001400220003000440031402401004010242103233332333330202040400003303040101010323204020341042104100300440000243023304
0004410100004300000002110000041132204000000000010132313132020200004000040003400132001243014202142020240100300402021003010024040110102030404040010102030304040410031001303004004004200203430223023100000300000422000044220004311000000230011210213212233210130400
0000140000300003440020400223011114314244012214024024030330232130000201040301020102030203040300002040001002002002043004002002103000412300031000422000031002023202433322102123324303243321433210230124030013400023400012300212300200440312113133220330010003201030
2010030403000401030204000201000204303333021043002040232320010400420002200042000122000312003100030000033202244243333222201111100024000323000002300201313100012400020043034224431411002000040042034040434010101010130302030000000000200304104102001000232020300300
0134000444000100012400012100023010101040400000030304040420202030310100034031100000434412020004214012001300242024000000100010002001000001140010000203024002001040000003300030301010012404041033030401030320330031231233301032002040331031001004200200300310010030
4440102000010243420200000021214040004000032301003020200002000030003203310203200131004002021200310014003013320010240200232000133000121300002020301020304020324220100000042100000400000023100000430002013240013000240014000300024003040010301004001020003103102040
0000012043321021000000000040043313002032201400400240200300130040204000100200200204300400200210304430312020020000000010041322133000400233024030100201402003020020044024300000004000400021000100020011403000024203000022400000432414200403002303010304010301400040
2200001100022100002100001100004310202400022000330003300114000140020101302010300141020004002010400000002110202000032221000000443302001300200140020011004000140031204003001003202040030030010400323322402343332444343320244443330400100300001003003000024030031240
0020040200001003010031004100041200200000100200000300100200201300221101030131000003441003000002010010020301010040301030140003020100000000010201001120112312234322401201001010013330321030400204320000000400000332030303320003233020330040001032043003304000100204
0100010001020200020002000200020000111000100044000432000310000100003001010010020123140343310301410211200020043221000030043304321110000003040304030203020301000100000011322422433004000000000023020004033000020300304103000010010230000324001130003220000033000024
0003130300200033002042004200410013301030243024020002300300030130004123000310004220000310020232020040023302403010020140200302002031131103000300004304422322001002100010302030203020302030204000400001233400400000001223400000000202343020033430000300300103004101
4000140001330003400022000234000410002000201310032023200320042104020020010000001000000400300200100003323000340000032200004421110001004020000302004030100402010030432234322112131011200001010102001000233000410002030204000010302020112204001102240020202144000001
0020140030101401004010014140340101214000111440000134000003400000221002043012000004340000000221000104104104003023003002102001042014010041320003020122101401003020402001400002200011240200402001340004441220333034221330303030041300411020020011032000021040040032
3130302000040100032024040302010001042002000003000110000200011300111000300000003224203202303020000420023040030042003000201300211014030231000001004030201000040302400030011300114002200013001330010002003000340443224432211100221010032043002200320430000003200300
0000012200204020200020100000222001401120314002240030002001300014433322102123324303243321433210230440243000000040004000210001000210001030203020302030203020400040000202024020002000300130000013000001103100021120122233040004100010004000422003100011004300442000
4002043400310010004020000002002313001000300300130130000003013001440002300030010203304004000000200021000421004300002100442100430030203000012203202010011203040031401401401301302320000300000300100002231300010010212040002020313410000432000021000432000031001043
3213221021120100000000000000000222011000000044233110000000440331100000023010000041210000004324003101033110003110004111304410004421004300001200320004210043000100200330042030330020303004100023341003003100100223000333031004033100210410020300410300413200300300
2031020010420303001000010000300210000002030300002030000303041010101013104040304043404002030003042000200323020303030202310101010004030300003030000404010000201000140103203003014313020100301404300201302400400401002002002403004003002031300303140333000013102031
0340020002400100124001400300030101100003003343032000020001401004012403001340002340001230021230020011403000024203000022400000432400012334004000000012234000000002000110310002112012223304000410000003000300030000403440344122312200000432132100000000044320210000
0004411000000321000000421000000100043000033100433120001000004421044100030000210104100022004410030430004004010430002004210040012000200200310010020134013004100203034013330031040030030010040120010304033001000343000200200202002021040410204000011424202011303100
1030400432040030300101042040000004100310430042003004200320021002310002044401003004423000422020000000010020220204044040010000001040002340012300010000340004220302032133120100300100340043340240200100413041333030231020300040001040400200100300204123002001003042
3442004120041100441004110041100423401110000000004410323111000000000220300001121030323222404120004012303340120003001340132023002304000330101002020030300404014020020200001020233002330303002030303030003200100320022001002402204400041100000320030421000304330000
3300002444300000000000001010010000440031440002240033300011400012004403121131332203300100032010301420040300230301030401030140004002343020033430000300300103004101100040004220031000110043004420000000043213210000000004432021000043010300112343030003133400101002
2240030001420020110000201130024000204401010040440131300013002040402020404042020314240421303040100200220010131023000004100000401301200403102043200010420102440020000030000000000010001000200000100001021400022340013400004411212402002002400300400200100200030040
0034000140020230002244020440001200102020402030000102000202030403310000013410000334100004311003024001200124001300130002400240003402020020203200030400104040010400000004232010030202304413100003300200220020003303330103100012043010110300104104001041040020420400
4432222100241000000000000000000000440000040243230130100100100140021031042040001000003304003304102000200142012230310231021000000003010030140200402002000020030100200303340302003300410030003002003000000002134300000001224000000000303230030003004010301004030201
0031003100032004200040010200002101434230010100000230000123400001201003040300040103020400020100022200001100022100002100001100004340001400013300034000220002340004400204340031001000402000000200230004411000000321000000421000000122400300014200201100002011300240
0030410200012040020100113000030442120000000000042321200100000000401400140130030004003003000300300300102200303003001042000030030000000000000000000000000000000003043043440140120200000002300300301003033004100000200402040030030023240000000000011123431040003000
0021003200030002110111004100400000200140140030020140030020020024220002331311000201320002113000441004020140202402010000402013021000000000004304432432213400000300012204023233321313340004000010003430003000343243223000000001012020310200104003030030000100003002
0114030124000024030023000023030004300200412020031022003100200310001243340202003000121030004204203010334000221003200033100220001303020330020120040040100400321301000442230000034422300000044220000000414020300404020301440030311022223333430344400003333444404440
1000212001020200002020302000030311114320300002200000011134000000043033330210430020402323200104001020240002200033000330011400014010002000201310032023200320042104130010003003001301300000030130010004300003310043312000100000442100204401010040440131300013002040
4212000000000004232120010000000010100000000204040404030303030403003100002242343400000000000000020203001030202200001041000300002040000103000012340000234200003400000230103340301430411040040044040241002001210014000400240002000004400002000310003000411003200400
0030030130220200004004044020130100122000011233000022244000023340310000411300002124000042130002240204101002041020410100104101041002013024030240100100200200300401300000020224030213210200000233300041200004120003442303041000034110104204301033400400103040340010
3010000330140030040200040240200401323240000003133000000012434000210002111000421002410304341000432204242040000304042000020234002003014003004003004003002003002003230003030323310000000112340003300022100431100032000010000320000400100230030400204011021304101231
0024014003004004002400010002401300411344402400000021034440000201420002200042000122000312003100030201013020103001410200040020104002002001000000100000040030020010440002300030010203304004000000200441000300002101041000220044100340202040404202031424042130304010
4014001401300300040030030003003000310000224234340000000000000002200030034413002100320043000440000201020403040000201020403040010213000300240020014001001400400033332443300000030202000000000101110421034100420303100412013000310010401010403030413130003002023102
2323231310000000000000000000000332000000003423100000004232200000200000403000043310000230000023103000330000300003100031000310004120033004200330002000300210002304300303103410021030302002002004001040013030313020033230402104331030004003020010300221040020404002
1030233020300011200102010304010000000402030202010220014000304030030301303010240302223001320300000400301002004010024040130040201302003031002400120342040132030120034002000240010012200340020003100130012310011000134000320002010200330000113020011330000330000011
0011230020000111433000000022304400000032022232333333300000000000000003320224424333322220111110000000002110202000032221000000443300033230003400000322000044211100002100042100430000210044210043000430004004010430002004210040012002002200101310230000041000004013
0300102200303003001042000030030002030010302022000010410003000020020102040304000020102040304001020000004040303020201010000000040000202034040200003014140400004010003034301000131000041310301404400014001003012101400300210200140030014002000300214003000300200003
0020304102040000122003000410203003100100420020040042100100300310210000021000002102000222000232000000000000000000000000000000000030000020000022440201430000022000010003002001200100330024013001304000200003010100302020000003003010200002030300002030000303044010
0410020041002003120200310020031022000033100002210000011000441000000000000000000002000202000000004000011300010330000132000002300002002200200030034004001401200200000020100203030030202303020040100020400002030000203002020300001004104100310030031002002004100100
1000003210004321000042000043100020202000202000000020001000000001240003230000023002013131000124000200130020014002001100400014003101004020000302004030100402010030302030000122032020100112030400310020020031001002013401300410020301200403102043200010420102440020
0000000000000000000000000000000340000103000012340000234200003400130003002400200140010014004000330020203404020000301414040000401020302004010304001020000003043313032001003000200100400020040033003100033110000110000333020031100000000000000000000101013030303000
0114000333000220000244000030000210002020002020302020303040303040100000204000434000042140302320004000240002400002400024000240002402020233330010103040301343430300000421000040311010334130303410000220300400343031300034304133011030003041020301030430203040000103
3040300002220000044121000301331130023002200220001420130013000300020404302041400314201030440003040000004322100000004321100000004302401330024013020242130013012200203001010000304203303040203300302340113000000404421212000101000200020013003022400340030024201111
0204313001100040101412310300023000000004444023230110100000200110020043034224431411002000040042032040030010032020400300300104003243223432211213101120000101010200401401401301302320000300000300100340133300310400300300100401200100003000000000001000100020000010
0430434401401202000000023003003000023010334030143041104004004404332443300000030202000000000101110030343010001310000413103014044003200100300020010040002004003300000030113330200121202000041431240402001010040301310301013014020020040003104300210032001004100400
0440043200220043004310001000300440220030034010010003003002401400420000310000031000420000042100040201403010030040000202413114020000040033110000000444220000000003400000303000101400303332303030303333333222202242424231313241313320103020404100020203030400101020
0001132440000000011400000000113203001020030400100203001041030000240000240000230000134000124000022003000104000300310311020121040001000120002000200012000200020002003000200033000320040033003113004014014001002001401401440100100031000422000003100004203004310100
0000004000030240201302002014030000004022120100000034310100000100404043401010101013030203000000003322402343332444343320244443330410002330004100020302040000103020000223130001001021204000202031340304033001000343000200200202002000010214000223400134000044112124
1003033004100000200402040030030002410020012100140004002400020000042103410042030310041201300031000014001003012101400300210200140031000331100001100003330200311000040200101004030131030101301402000000033230000000000023220000000440403030202020000004040400000040
4030040430200300400021202013024000123400000012340000001234000000310003344000314030211000244000440202002020300003040010404001040003002001400302001400200200140030443000000000012021332440000000000032000100032004310003100010003140401010404030404040420202020303
3042400400020023001000240040012000000000000000000000000000000000200300040002003300411040003004200000303020202010101010030303030001300023000240002000020001300024321021000000000043232100000000000340020420310010020020040042020004030040303000040000401010110100
4030123400012400001300101334000200044110000003200000044210101003002003041041020010002320203003000010030000100300300002403003124020112204001102240020202144000001100004320000210004320000310010432104041020400001142420201130310002002002400300400200100200030040
2324000000000001112343104000300004400002000310003000411003200400104010104030304131300030020231023001400200030021400300030020000300000000000000000101013030303000200400031043002100320010041004004040303020202000000404040000004000400013000040002300130000230003