0031100424000230003411044200002001402040200004010201420030001002340000021423400202031431022042001004032231303213202243002423100112004012012034010010034010030034000300230403131311032233243400030402121101020020304004001011010340222313010024200020442000302210
2213000011100001101000011000001140411411123013130300030303332020002320001314040003230001111404000030032000423331040000020012100300433102010330200100402010004031240243040343000000020000003302003001012201032000031040031100310401231300130100010310031304030100
0002013010000000043221000240003202200100033410334102010204310000300210421020001130002240020204014132030000300200220002200044004414140204000040402020030303314010124332440300000311223332433412430030430200002001004203200100410040100300131200330200320400330121
4302121010101010000004000034343020240400031000142420331000022020002203130311030043043303300022000003341003420303012414034200000301410002020140300000414032200040002000120040021100400211402001112000300112003000300414023200410002014330100310402014030100030100
0140204020000401020142003000100212004010212014040030034010330032400200130400240030002400303002430021200011140430032300011114343024021004204000030000000000000203000002331000003004322100002030324110030020330000200002200011004200304303000020313022330034304100
2201212000120241010212420201000001410000042110002020111000400010020140301203004020140301000301030004003021340220010004003401343101200002010002430021300013200101444400002002200230303030303444240003030340424032112100201000300314003001100032240000021000122130
0030002302200310033003400301040420030400100100103103443102303020030203020210232030400102303040041003020220401010030402201010300340200203110033000400040020020113234001232134000234124300132023300400002041000321430200000214300300010000201000000120000012300131
3131000300031310003121012000431100010004200430003200032200021030033102130400230103310213003020010304001010310402100020400201003010030304000304320343023041203013002420010014140140001301300002300343034001030203020013031303130122303220003114304043303110103011
3400000214234002020314310220420040020013040024003000240030300243004033030200302102014121110140300200030000341030410001020403000000304301000020010042032004004400003331110144001004221100440000030100010002001201130123122412342323301102040002000022300023200103
1000000000400400440440340340300244200124020424020004020403020003200304004001001031031431020030403004040004101002100022003200043042312010020100000040342312013320040000224400002143000000021430000023010000100233003401001220014020101010020201312121030302413030
0304001040310402100020400203000020210430401003010310330001003000000042020000403201000040310000043010221244300041000000021103222012400123401230002300120001100000441131300242401303002114003020013020201030302000404001000043020210120020441030030002040030002041
0310042200031010003100031000033120144443332222222111100002000221230000124000012400001340000234000013002002001401300300300024014040404030303033030302020200303030220040410004301000020020324104100430002000432043000200043204310003000333230000000040012111000003
1004032231303213202243002423100100212000111404300323000111143430020003000034103041000102040300004102121310101010000004000034343302010030300300434014230120032103303200041100320044110032004410102001300030013401320021302010223420030401400100204113244112103010
3101313444024200220200200032210011000100413040301020103010002024313100000303101020344101200013110440301120300140330104030110033030110330441003032110030021000003240002402001340010130001303000431331400203140010310001132410113130003010000030000000000000000030
2040443421232130100220033212201403100421200310100031100310100031220011010230110003303140233032002300410320410300210310010310010340002022014000002131230012022301301430140014301000103010301030400000033423000010004001213100210301201201001301303301001302302332
2100202101202320312013301102201041400002000110402033201210000320210304113001031011310103001001023434340020000000200020002000000013032123221000102030232220000030040410201033001000213013031000300303013102130433130004031200330010033040041033104103103200200003
1200401201203401001003401003003424021004204000030000000000000203003043010000200100420320040044000201003030030043401423012003210341400001030220220300030003044244003000200020003003300340030104011003020203401310010200004310130324101022440010330013101012244010
0203000400043300300001220322130010003034000302323324301324031040240002400001320013130301333003130003200043100344120042100030000030202011303020014041010100440203400000303223011032313032143332300004231303040101030040301000433013132003020410141033444000010020
0004000033114301000223004001420100003310033202300020310141333033104103010210430302104303020413300024002304301103200020013004013000020001030403442342214211021300303333001032100431301033333320044020040121010334000043023010014000010000231012000131232423104302
1002004102300110440313320020030000403332343004000120130300231404000000122033430003000311223342003003410423004301134423000330104100424014110003404310120401414010024124303030223020313013342003303000400104100332033300400004130043034130003030001300040204010002
0003002304031313110322332434000300000233100000300432210000203032003331110144001004221100440000033032000411003200441100320044101000300020002000300330034003010401021003022224324101023042343231232310204103102003001020010001010233140210100124021000204002030020
0101020133040301202010201013404040110230301020200000130304020200004022100103013010000301301004143040040140300100200400201403004010030322020014043003003000220140300202043011433130320030203144311310340002300323100202001120311230000132100041331021220020003340
1004000120123311300000123022000014443100000000000220002020000020032130102000030202000040043033143221020000043221000012100030002422100322110000020001122000312000211030000330002200022300023000403003440420023300124120020030104130020210031000002000002001303130
2040030010310212320000002040032040403402040400100040020100302040320403001010232020333333434020004004121332032100200010000002133403010300400004330030201302211014000041100240141300300001300302300301020240144314021204432403130232301320004001200044001000044021
0402121101020020304004001011010341100300203300002000022000110042010001000200120113012312241234232001300030013401320021302010223410030202034013100102000043101303231020410310200300102001000101021000043103003010030434000400034310002111433000400000000211032220
0203000440030023001100140003003310203333032022010201312131000400030041030241030001030001030001032301000030100103412000041201004000131230020010013334020003012124002430000231010020302001300201302000101420000014200003041100020400110300310310421133003100014000
3213000000043221000032100200004400321030021130010330334300031220400001001002330303400401200233340010204011304003000102040104040000220230030002003300301033034104423100400100203023420401010100200213000012000003140010230100132400200102411401410314013003012030
1022400103010310002030004204020400403041013230102001311324200020111110000000000000000000020000041120010330011201032431014000022000321002000020040130401200002034104231320410112002341030200203000423004230042300423002230202300032343230303040404040404040404000
4022231301002420002044200030221000304303000020313022330034304100233011020400020000223000232001032003040140010020411324411210301024101022440010330013101012244010331402101001240210002040020300201000211143300040000000021103222033212010303020004000010000430202
0004414333222210241413030303022110404030303033030302020200303030000000332300000000400121110000030001010020030101202003000120233322001202230020203303003103030330402004002301014412100012402003402302304010002400334030412040000001003200030104033003000400100000
0304010420023133104403000333404100010000430032300024100240102400222110001042014042001004302033100223300042003003440020230410132443321200100000300112410033133004430400013213000030001130401000012004140000203140000203043000403000010020321012140243004304000000
0321101000100420043034302400340304322210301130003004300444421432332120040302024131211100040230400000433330003000300030000222000024034020030200004231304031300014211000222003330004330000440000011001122023033400401200300340100100300002103300001004410032004110
2213000011100001101000011000001122012120001202410102124202010000100000000040040044044034034030023101313444024200220200200032210002030004000433003000012203221300010102013304030120201020101340400203000440030023001100140003003300044143332222102414130303030221
1004034300320021040043003200210010040303020101004040330202010100114000023001104000330012100003400202443221110004432211100442333100043002001040000022010130330011024233020100043231004033300314040400002120400302140443002110420011000130100402200342030304030002
1042320204040310004000010000231001420004400301430310403010300004100002110432200441000300000003000242001400322042000110432102300001400101430104400401400201000001020010033301103300300333322301140432221000110300030403044432123212402043022013031003234000234300
1000010030103320010203403014010102303003220400140001124000010020004321000004301003000232100003430102233301023303000203234100102000321400200301402003001400013010000130021133042030300123103003001000043200431000100001300242100310200031000114020400142010300031
4041141112301313030003030333202001410000042110002020111000400010442001240204240200040204030200031100010041304030102010301000202410003034000302323324301324031040401102303010202000001303040202001020333303202201020131213100040010404030303033030302020200303030
1004030302010100404033020201010024210030203003333230201000340300320301230340301000100302003000300140300010002022200030402321020011240223003240140002000030101402304020231300004040101404014140101003320003121413000020202404010030202013030240333004300000401332
0201300043020403303020130241301430003023020000000301202000340220020220004310010030130002402004020040401200002004013020120330201401013130320301232202300020034100312003123030040000000302000023330103102001040020120100100100001430403312202004003022020044330200
0001203000023020004020044030140330304410200301402003001403313040340000030332140443230003330301403020320014010140140030030133033020021003000014013002420013003000000002401302401302401302401302202102400300300103120103100443020000340000000020024024034030000000
0023200013140400032300011114040002014030120300402014030100030103200304004001001031031431020030403131000003031010203441012000131124000240000132001313030133300313004022100103013010000301301004140300410302410300010300010300010300000033230000000040012111000003
1140000230011040003300121000034032030123034030100010030200300030100000400430031041031032002000004313131010000000003041324102000000013000130002310020000340012401400021300030200013000402043100020411030041103000220440022244002200000000000010000000000222222322
0232110000400120004400100204402330103010001003200400040004320403210310043103200040042000020020023434303030300040404040404040400000140000001400400024004003340340034133010301040004000410244034300030000210330000100441003400411011111111222232220000000000000000
1002330110044022000402301100330110203031000104222420344010302001100031000320034203043400031003414300000000021142420040000001013200310000000020024024034032000002410334103000400304003410303103000041110043000022200043100043000003013433000012223320000011122000
0030032000423331040000020012100300040030213402200100040034013431300404000410100210002200320004300440301120300140330104030110033000032000431003441200421000300000304004014030010020040020140300402301000030100103412000041201004000010100200301012020030001202333
0202443221110004432211100442333101403000100020222000304023210200431313101000000000304132410200002400000310010403010100424020103330100000020000000000000004000002320131110004040303030303030302323204400002000000100010002114221210204031420303040000001020314132
0013124242000010020230300400000341032010300103002040204002041000000000222030000004440000001100030001040020010300204003101042023000204000134000103200003240000241042420031010030000030042420031310000120014340001340134000123000320030040002203000000220300400001
0330011002440022000144000001200304210421431043104200021001000130100130024202001300140024003000232100031021200341041200301002003413000002300100240100030020004010044300033200022100022100010004200333044330030313000343000323124031000003100322223030113130340003
0043310201033020010040201000403101200002010002430021300013200101423120100201000000403423120133203011033044100303211003002100000330202011303020014041010100440203100303220200140430030030002201400013123002001001333402000301212422001202230020203303003103030330
0004300200104000002201013033001111240223003240140002000030101402000130001300023100200003400124013010000002000000000000000400000230002112440033210011043100221001020304000020304000020304000010302400000201302400000201302100000203031410041010010303030031430003
0002433300000000000000002421000010010033000000030000000000330000024140302020100000000404000202410100134322001223000103401232012043300000000000000000011102100033004310201000431300431040133342302020030300003030000414100201020000301001103014000040100140230401
1112000033400023200101040000343003210033000400114002232000031023020042003100200423031302003103200010421330102003132203130311341040300020012011000000040031033002013021130440000000210224403402003020042310000300004233003221000011033040121210230010300103002002
2402430403430000000200000033020044440000200220023030303030344424040000224400002143000000021430002400024020013400101300013030004340000030322301103231303214333230300202043011433130320030203144310024300002310100203020013002013040200400230101441210001240200340
0242330201000432310040333003140430402023130000404010140401414010400021300030200013000402043100023201311100040403030303030303023202030400002030400002030400001030000413114004030030000300240041010020130434004000012203133141031402100104200300030010120421330020
0341332134100300411041104014201300302002103300101004210032304140030133310100002110021111232100312003120000032020042440040410203003003020410000014214001003042210000000000443333211100300003000240300330130000010101010000111001000012012342340340014000000312041
0303123430000232432000003122201000204000014304110234301010100030331333020430004313210313214000343440312031130013401040112003231004303400140014002402200220022002240024134002013001002000000300200204333401033012143312141331020104030100402201403010040100402013
3001012201032000031040031100310400030303404240321121002010003003002301000010023300340100122001401331400203140010310001132410113100042313030401010300403010004330131034000230032310020200112031122000101420000014200003041100020423023040100024003340304120400000
0400002120400302140443002110420010033200031214130000202024040100041103004110300022044002224400223204400002000000100010002114221224000002013024000002013021000002002013043400400001220313314103140331021001000000022031142200130002301340230000001200130124004000
0103012310210001040302002130240231013003402001224230340400300003123000040000022003234311240003400140020040402200303010402020143040004003424100310341010031003400001102303000131324301402133000200201300402003110001400003100000030030041002003410410020030042002
1112111222222322202231333333324410240110142111241040131032130030002102041041040033020300310203200000000004440100000000043322211133014300400200142001300230024003101131202102033040344000203103010043310000210100004302004321004343010240002224002300000240013130
0123130013010001031003130403010014003001100032240000021000122130201010100202013121210303024130303000301000003000000000000000003013132003020410141033444000010020300001321000413310212200200033400011030031031042113300310001400001003200030104033003000400100000
1100013010040220034203030403000230202013030240333004300000401332000000000000100000000002222223221020403142030304000000102031413203031410041010010303030031430003021001042003000300101204213300200230134023000000120013012400400014104323030413000220004330000103
0020111303000010320143300004002330100010300030222322223000000030102032304000010202030400201014230010313324003000123440000112343000004200030001104204300103243303323042003000323032400020012000201100403000010004330002102433000330300014302004130000100302400032
0000020000223223002000201000022340200000402011400001314200010232014000010423430000112234000031213210101030213300400240300103103302300340012400400013300000314003110003000331000100443000221004300333240003230200232302032323030000000000222230033030303232133003
0002013010000000043221000240003200300023022003100330034003010404030400104031040210002040020300002040443421232130100220033212201400040000331143010002230040014201100400012012331130000012302200003213000000043221000032100200004403040104200231331044030003334041
1042320204040310004000010000231002013000430204033030201302413014023211000040012000440010020440230013124242000010020230300400000300024333000000000000000024210000034133213410030041104110401420130103012310210001040302002130240200201113030000103201433000040023
0011030103000403044003400340032343000000000201424200400000010132330000044340010040440000000440002002200400420031004202000313030020222030020304040400404000020202130030230000012330020003034204210440011001130103400040012000233000030200130000000000031010243230
0003430000002420000000212000444123220023022440103003030002440310400102030400213040010402040403100132120301401404014322040440200100024004234002200040002340022000040020003000004031032432433000403001004411200102230002334110040024041041043303233200210010010000
0220010003341033410201020431000020030400100100103103443102303020202104304010030103103300010030000310042120031010003110031010003100003310033202300020310141333033144431000000000002200020200000200032103002113001033033430003122000010000430032300024100240102400
0142000440030143031040301030000430003023020000000301202000340220301030100010032004000400043204034103201030010300204020400204100010010033000000030000000000330000003020021033001010042100323041403101300340200122423034040030000330100010300030222322223000000030
4300000000020142420040000001013211300230334000232001040400333433001322321004003200013013200240032301000401000402011033001033000004313031420202324033003013033400143010300040014204030404003420440300024032040003001030012300200421031032000000400430041042302130
0001420410000300002110243000032042101000004202000000303202300030330130013330333003030303030141141000303004243000132334000013133303303012000104000340322200410003000000240240010014004001301300300203322002000403330004032313034000013000403000302330044000433002
3002104210200011300022400202040103020302021023203040010230304004000042020000403201000040310000042200110102301100033031402330320010410301021043030210430302041330032130102000030202000040043033144000010010023303034004012002333422211000104201404200100430203310
1000021104322004410003000000030002022000431001003013000240200402210310043103200040042000020020020000002220300000044400000011000302414030202010000000040400020241030133310100002110021111232100311230000400000220032343112400034010203230400001020203040020101423
3300000443400100404400000004400000132232100400320001301320024003040310400104002040020400223002040000000003440233412230110000000020034001002001400303002402300300210130403000413400400200433430024044040000000110010120120434230302003014020041100301402003010030
0332002304000222022004000220441020132400002003400020234322002022030303020201020100303330202013102000402000012100420004410004120004031333002000014400032042113000400233333400203400203030403200400000313100004342000000031210040414400440022311030340023002000044
4132030000300200220002200044004410030202204010100304022010103003301022124430004100000002110322202300410320410300210310010310010300240023043011032000200130040130322102000004322100001210003000240010204011304003000102040104040002233000420030034400202304101324
0242001400322042000110432102300000404012000020040130201203302014343430303030004040404040404040000001040020010300204003101042023001001343220012230001034012320120200312000003202004244004041020300140020040402200303010402020143000103133240030001234400001123430
2002200400420031004202000313030023010004010004020110330010330000000000000344023341223011000000000403001010001404202030300100000300012102124004140333000033034003220002200003300023000034000330402200010241414040001303032000002300211043320004000010043320004030
0110300020411020010030222041030000130014130024013001300001400220410103010344312113000000443201134030404020022002330033001020000003200001324002130000430400003403002110430002104430000000321044304020320201032333000004230210034143030404040000000003303000303013
1414020400004040202003030331401040200203110033000400040020020113124001234012300023001200011000004000202201400000213123001202230100020001030403442342214211021300221003221100000200011220003120000022023003000200330030103303410443321200100000300112410033133004
0140010143010440040140020100000101013130320301232202300020034100001400000014004000240040033403400020400013400010320000324000024143300000000000000000011102100033030030204100000142140010030422104000400342410031034101003100340000004200030001104204300103243303
2022203002030404040040400002020204313031420202324033003013033400200340010020014003030024023003000001210212400414033300003303400300122134430000034000300000122130342312010000101000000004040342310000421000431100432000032100022130002000200210010040043004330322
0201103302040030010300204103031030121033103023130323041411123431301003010030100200301003014023041202213303400404230323033200400240021243040002330304240003241340010330100132024324301223343030401100000000443100000033221300444303010044100130032003011201420033
1243324403000003112233324334124323400123213400023412430013202330441131300242401303002114003020013014301400143010001030103010304030333300103210043130103333332004211030000330002200022300023000404231004001002030234204010101002043040001321300003000113040100001
0200100333011033003003333223011431200312303004000000030200002333034133010301040004000410244034300424200310100300000300424200313100431020100043130043104013334230000000000443333211100300003000240011023030001313243014021330002032304200300032303240002001200020
1300302300000123300200030342042114301030004001420403040400342044210130403000413400400200433430022200022000033000230000340003304034231201000010100000000404034231331003413340034004200330011040233011300330144002000303141022000220403010320200203404404010410130
4103300430241010004000110200040033003210204230313030410020300011323133012040333243300124030412024000301030003000244330210042331212232000023340000233440000134003230000001341200040002001402300314304042013333222240432030101030030104001430104001420132001223104
0030430200002001004203200100410004000020410003214302000002143003302020103030200040400100004302020000033423000010004001213100210340200401210103340000430230100140300344042002330012412002003010410213000012000003140010230100132420041400002031400002030430004030
0432221000110300030403044432123201031020010400201201001001000014003000021033000010044100340041100000120014340001340134000123000320200303000030300004141002010200030033013000001010101000011100100201300402003110001400003100000011004030000100043300021024330003
0440011001130103400040012000233003000240320400030010300123002004404404000000011001012012043423032200010241414040001303032000002300004210004311004320000321000221301130033014400200030314102200022002002001001001001001001201001000012234400000001123340000000112
0003300340300032220221100013000412010010414121140340102000422120014013003002010300300200140130000430000020031103004002103210300443020114104000002220000002334300102110302010200030302001010030400000442331100100300220110200044103230140240300030433120240040010
4010030013120033020032040033012100010000201000000120000012300131101200204410300300020400300020410120120100130130330100130230233200010000231012000131232423104302300202100310000020000020013031300020010241140141031401300301203000010020321012140243004304000000
1240204302201303100323400023430030403312202004003022020044330200111111112222322200000000000000002003004000220300000022030040000100301001103014000040100140230401000120123423403400140000003120413003004100200341041002003004200230300014302004130000100302400032
0003020013000000000003101024323021031032000000400430041042302130020030140200411003014020030100300021104332000400001004332000403030002000200210010040043004330322204030103202002034044040104101300001223440000000112334000000011240034003000310030003000200020000
0130200004004030140201002030241202023134040000020230400000101343330313002304230423003400310030013000001033003140401031020000303000224320400002203204000021332043110331003200400021003110430004302343033000000403333323101403433011122000000111220000202023103000
4302121010101010000004000034343031310003000313100031210120004311031004220003101000310003100003312100202101202320312013301102201010020041023001104403133200200300204003001031021232000000204003201022400103010310002030004204020403211010001004200430343024003403
1000010030103320010203403014010100012030000230200040200440301403100233011004402200040230110033010330011002440022000144000001200311120000334000232001010400003430030312343000023243200000312220101112111222222322202231333333324400000200002232230020002010000223
0003430000002420000000212000444100014204100003000021102430000320033200230400022202200400022044100110300020411020010030222041030002011033020400300103002041030310410330043024101000400011020004000003300340300032220221100013000401302000040040301402010020302412
0211024234100331230240022000020100010024001001300020120002002400300024001300023000240013000011004002004040010230000130300001310234020003013232304040000202130300433033241430402243433404241130403131020000003142421010010000042401100043131300431000004210020042
2024040003100014242033100002202000010004200430003200032200021030201444433322222221111000020002214140000200011040203320121000032000403332343004000120130300231404404034020404001000400201003020400040304101323010200131132420002004322210301130003004300444421432
0230300322040014000112400001002030304410200301402003001403313040102030310001042224203440103020010421042143104310420002100100013003210033000400114002232000031023002040000143041102343010101000301024011014211124104013103213003040200000402011400001314200010232
2322002302244010300303000244031042101000004202000000303202300030201324000020034000202343220020220013001413002401300130000140022030121033103023130323041411123431330032102042303130304100203000111201001041412114034010200042212002023134040000020230400000101343
0001002400100130002012000200240000200044030100202221100022101040000023240330011043041341010440402200300211003031400020200040330021001201032010000020302121433002002340040001000230024013400300002322042324032333132231240440004000104002001030020020110300002002
0022031303110300430433033000220003310213040023010331021300302001230000124000012400001340000234002103041130010310113101030010010200000012203343000300031122334200320403001010232020333333434020001111100000000000000000000200000433212004030202413121110004023040
0043210000043010030002321000034334000003033214044323000333030140100031000320034203043400031003411001300242020013001400240030002302004200310020042303130200310320331333020430004313210313214000340021020410410400330203003102032001400001042343000011223400003121
4001020304002130400104020404031033013001333033300303030303014114030303020201020100303330202013104101030103443121130000004432011330100301003010020030100301402304323133012040333243300124030412020140130030020103003002001401300033031300230423042300340031003001
3000240013000230002400130000110000002324033001104304134101044040030134000013340000234000000021400020300203001020410204100400204022304203000000030410213314223344204120003130303131313200101030300000000444422322111100000444433301020040301304010403420100004030
0003341003420303012414034200000303040010103104021000204002010030001300200200140130030030002401403434340020000000200020002000000030034104230043011344230003301041400412133203210020001000000213341120010330011201032431014000022000004333300030003000300002220000
0102233301023303000203234100102030203200140101401400300301330330430000000002114242004000000101322100031021200341041200301002003400104213301020031322031303113410344031203113001340104011200323100000000004440100000000043322211132101010302133004002403001031033
0132120301401404014322040440200110003030042430001323340000131333200040200001210042000441000412004030404020022002330033001020000012022133034004042303230332004002400030103000300024433021004233120430000020031103004002103210300430000010330031404010310200003030
4002004040010230000130300001310222003002110030314000202000403300002030020300102041020410040020400140020203121323034002001001200100001100100032212110433333220042001003200310431003200300130000300340432023331113030001030040432030001400002400131300224020012004
0141000202014030000041403220004010030304000304320343023041203013404040303030330303020202003030301303212322100010203023222000003000424014110003404310120401414010030103004000043300302013022110140032100200002004013040120000203424034020030200004231304031300014
0032140020030140200300140001301020021003000014013002420013003000003100000000200240240340320000021300000230010024010003002000401040300020012011000000040031033002043034001400140024022002200220023301430040020014200130023002400302300340012400400013300000314003
0002400423400220004000234002200003303012000104000340322200410003040313330020000144000320421130000320000132400213000043040000340340021243040002330304240003241340122320000233400002334400001340034302011410400000222000000233430000224320400002203204000021332043
3402000301323230404000020213030021001201032010000020302121433002223042030000000304102133142233440000110010003221211043333322004203304120330432442033144203304324000000000000000000043030303030304133113110010000000040040044234103000444002022330303030302424012
0020001200400211004002114020011100242001001414014000130130000230220040410004301000020020324104100404102010330010002130130310003002412430303022302031301334200330000041100240141300300001300302301042313204101120023410302002030021100022200333000433000044000001
0001300211330420303001231030030000000240130240130240130240130220410334103000400304003410303103000443000332000221000221000100042001302113044000000021022440340200240024134002013001002000000300201011312021020330403440002031030111000300033100010044300022100430
0400200030000040310324324330004000000024024001001400400130130030400233333400203400203030403200400021104300021044300000003210443001033010013202432430122334303040230000001341200040002001402300311021103020102000303020010100304011033100320040002100311043000430
4330332414304022434334042411304000234004000100023002401340030000204120003130303131313200101030300010032003104310032003001300003000000000000000000004303030303030124032303234203400040004000000031313330002020203434343434033302010000001000000100000010000000303
2000300112003000300414023200410003430340010302030200130313031301043000200043204300020004320431000303013102130433130004031200330030004001041003320333004000041300030102024014431402120443240313020423004230042300423002230202300010011220230334004012003003401001
1000043200431000100001300242100321024003003001031201031004430200004111004300002220004310004300000333044330030313000343000323124030200423100003000042330032210000020433340103301214331214133102010043310000210100004302004321004303332400032302002323020323230300
3001004411200102230002334110040002033220020004033300040323130340000031310000434200000003121004044020320201032333000004230210034111000000004431000000332213004443430404201333322224043203010103000000442331100100300220110200044123430330000004033333231014034330
3131020000003142421010010000042423220423240323331322312404400040000000044442232211110000044443330340432023331113030001030040432041331131100100000000400400442341131333000202020343434343403330200000000000040040040440432432421401000201300001300041301040301040
0201433010031040201403010003010022303220003114304043303110103011030003332300000000400121110000031003304004103310410310320020000343034130003030001300040204010002323013200040012000440010000440213234323030304040404040404040400000300002103300001004410032004110
1020003100011402040014201030003100340000000020024024034030000000030134330000122233200000111220003100000310032222303011313034000311033040121210230010300103002002040301004022014030100401004020134301024000222400230000024001313000000000222230033030303232133003
2404104104330323320021001001000000013000403000302330044000433002144004400223110303400230020000444303040404000000000330300030301303010044100130032003011201420033301040014301040014201320012231040323014024030003043312024004001011122000000111220000202023103000
0110004313130043100000421002004200104002001030020020110300002002010200403013040104034201000040303000140000240013130022402001200403000444002022330303030302424012100000010000001000000100000003030100020130000130004130104030104001332100100323030243340022042300