0020020032030004103004104104020000000101100000001044400000004344200014223200202202122232022222400004000032003400003200040010100000100142044034023022002001001400214010230034313323004002133403430020420000001240000012402300001201202303040202212024232223022124
3133000004242101000304313100000420224004423304230300320043400010000043002300004300021040043002103000040243003310243200000231040000233310200330402030103040204001000441221403000004420000002232110020034202414002001300001000240040202301133000204210310320331002
1100320200022004001114430200033200200300030404020401040404320420341320020003341110000003200010000422200430220230110030044003003004200412031010031003000202310030402000234200000144000003433300201030204230403000400000010201000200240202100000033434231000330001
4000012234004012002404002002300410201333134200002400232001034123002103000433220303003303001311004020040200010203020313132330304004211002000043210010000034132100232043010024024034000000011014020440041201100100320332000204000104000324400011022000002143000214
0000010110000000104440000000434400100140244014003042002001301403010000030202020100040302030201020003430021000023000210400430324000041322310000030440000000443214110333000002203400111443003033320400200400200030140030044020003310302043304030302030303130310002
1202300310440232013202020302210304211000022013412030202002332120040000244200010220000021430002120020020040020020020020401402000001000203010000021030002030300003042000002310043022340030223420300002033334020310300022421310300300133400212020030203300024100031
1300001202201230302001400001400000004040100202020303330010401030440041033300330020042004100310014242010020000403034441212000240440010133020200230324240001303003003004002000002013014324133030340204040302242340400202010413003300200341201000200041041200100010
0000004300413212011201002000034301340000323402340000134000323430030343230300331104003311034004000020400123020400103000300201004341033300220002304112330003000223341223001120000000040000344023034004133002100303030003314304204443204232302030310014343030033343
2000142232002022021222320222224001000003020202010004030203020102002030112100304121311131412140000000000000040404040404040404042010302041304030004000000100010302400001030303041000011010203030402010402020404020024100030201031323101303040000141031002040300000
3020302000404043020202000404033022100304020400103121300130000301000040404002020203030300101010000204030004201430203000000204031420303040400102020303040010100402020404000024204040000201041300302040012141030400001420304100000321140004302020010200030300202000
0020400103020400103000300203001320140020213030020304042020303001103000430203001030200002040010302414011121303040040010203040400020100100030000200001000400002000231400002030420304000220020314203030010200000030320202101040400222141030010001030020400103002040
0040020403101040020300100002000323140020400204102040020302003000202003030010110203040040000202202214101040040300300003002020410120400300001000020314214203040040210430303303400000000400002102104002041030010300103002040020410302002030010420303100002030010030
0004000032003400003200040010100000034300210000230002104004303240000000000004040404040404040404204300012034004012002404002002300204001024100001004000202113002212030100100004423422000000000331200002210420422002204420322011203000004041400202121313131020201020
3203102402022004221220020102222021040000243000213300011300002400000000400341341221102100200023430040042220110033002110400032203130040420203030042104242040300004404012020040000120340400002303200201030102130000240000401021310003420422412341001000000000000030
0000422123202221004222301202210400400203231010400203101000120203300200411012030040104303104031032244004320014400230011040113000201002021202120002141010232024101004400030110440020311004400032410400203101042040310000200001213040401020230000000034240102303030
0002102200204010101034001022212404403000100000002001200201134214130000120003322001410003211021330042031020020310220320102303103013032321222200302030432324210120024021002430031012101210121011200420123220430203000004332133220000022000003140004332110044300003
0010014204403402302200200100140000041322310000030440000000443214103020413040300040000001000103020400102410000100400020211300221201210001011004004004230040042300130000140020140030200140000140024242010003000203014244010300020422141400002430020213121114231040
0331000012340034030011400302320041001030220000302143113331333200404012023040030123340200032301400000000440000301410000111110221130300103000000313203021110414003400144200033000432300230342331440000000033003010411041200021030023000032401114000033120400033000
3044430002243340030403004040030404000012313122103130300010343010240002410430031303013301300011002000402303403003401000402003412000022041110000410330200013000041000031421120221230300033433331112002040143011320000403410010230300110011030110040010031400120014
0001400103011300413214004430030010030034313104000000330040231000040000020321422043000311321443040410410323301313040303020343042013022401330243030314032001400200423230202212013030110130303422400101000400410400010241010002044104220240000134004000113400400012
2140102300343133230040021334034311033300000220340011144300303332400001030303041000011010203030400301001000044234220000000003312013000014002014003020014000014002031000123402302000422042204024022001110000011001011440000441010230304201232224001030003002030033
0000030230004043303424231303000000300403003004014010200200300300300020020300022100400033100000044234021200004400224400220000403032041312400403033000030020234101104240040424332033343030202000343313020040200202314010100302304034040010311030222024302024010001
2002300134023332100000001233024030020010000203100423003023031000010024133144034202000000103214320110024040040404030232010131004041100240220003130003140220030220040010004000300000024301004300430410440320320312030000040043042023000200323200000001214440300040
1020020010102202121020040003100330000042300000342301000000101030333004400300220030330443010000014003101330003021332133303003213403334200000440300110000011023000330104100300100020402040000103314342000300030340403424240303030432002223004014010020030030140143
0020420000001240000012402300001204002004002000301400300440200033201040202040402002410003020103130002210420422002204420322011203042420100030002030142440103000204200111000001100101144000044101020020000143400000431301002214032004040010203030440400102030404000
0022004210042000420421004300042100003030002021010131014101014000024400430201440003000104010300020002010040100102400030130003402010420103224002040220000201300303200020000141200040400040200141204320000400000000002121043032000400023104010240024101211341034000
0102004040040404030202010301001004201134213020013330003000013001004441100300242003343100000014110014243041000011204040001022214013024401200300220034010021401002200040101110001120101321412020204003000204010401030002001404100304321000014320431000010431442100
2402002340000234000124134000123030203420311010013000114103014221020104140000303000024204001310300011014001330123110200440132200200020004040404040312121214120000003021304000310000410001220002331313002020020200101402003230030323304200102030400110203001020330
0120230304020221202423222302212410302043304030302030303130310002231013030400001410310020403000000000404140020212131313102020102022141400002430020213121114231040303042012322240010300030020300330404001020303044040010203040400033310102000000303212021010404002
0304022040020403234300010303300040400300001000020314214203040040040022300104203031000020300100302002420020420104204104041041044303003230002011010313430002130300200204004001113012141001102020032311004300300310400034303202400110422040320410010021130010031040
2211010320320140010333020341342000032042331032001003100303200310233113014104110200303300112032004013300234013401330012001214100323011010020041313131200133423002300320020104304330320121101104302321132104200030000002103310242021001000120401002300110000104200
2342103100310131001131300103110030004200330020203312303010020003033220440004120042214111001234022100330034113023100421003221033020011044300002413031302410303320100000000004300043200442104331002002430004340004210003200003200042000302000303100003200003200004
3133000004242101000304313100000412023003104402320132020203022103302030200040404302020200040403303203102402022004221220020102222003310000123400340300114003023200000003023000404330342423130300000022004210042000420421004300042103040220400204032343000103033000
0100131404404030330302002010000140022000440023300100003400120004244030004000000000010002011342344402404200004130003020000413000420420420420410420310314404214104120000040301043230301030200310000340340033034303330303230020003012344303000022334303030310220000
0002034230000334230103000030130001223023310030333030301130140031030103040003130003103310203003203222044330100033100040210033220100021220000231000334400004340300422014102000103330300033322323043000420003004320011203301042030312020301042040330101030040400314
3000014020000201032003140140330313413333001440000000420012032300000000001111202231333244400003000242230302331302040343200302300002023003004041001002020032030041013220400020100030323333333004310032002000300030032000010000430143000010144440000101043430001111
2022400442330423030032004340001004211000022013412030202002332120221003040204001031213001300003012104000024300021330001130000240041001030220000302143113331333200003004030030040140102002003003000000303000202101013101410101400040400300001000020314214203040040
4002200044002330010000340012000422242000423000223034013130331000320303210302303000102303040101203040000000230212132420202020032401000020203004004100100204300100430004103002400300140020014002002412300032310000000022120000343331010112020203010314441420002430
0233240003014000311000001122000030131013100310031003300310331033032041310312010110010000100100100010301404040404031242121242003032301202002210240304340000404003200110110130002400024302422001100201304433020211000100443000332000133212413020240302024030002333
4030300003020002111104333320004032001013004041001002020030330021430033001302340023044200231140020300301423100000231200000310003002023040010000320100403200403021013423000013124400000133000000421200000400220033031301234203240400100000400400300300300301201244
0000430023000043000210400430021004000024420001022000002143000212000040404002020203030300101010000000004003413412211021002000234340401202304003012334020003230140300020020300022100400033100000040244004302014400030001040103000204002230010420303100002030010030
2440300040000000000100020113423432030321030230300010230304010120000440000001100043321100443000000021001402140140014014301401430100030042031002011004000403110311012432400001240040001134002000124001020303040012030400101220301032221100000010221110000000000444
0202200300401401002003003214014000313031003100310031010031303100000134000134000123013400022300012030400010204040011020300102033010020000021101000032212112433223003120100314010031401003143100414200030200030310000320000020000401000340230044000000130014013000
0412010300410010330011010330011043003010144430202121240430003131301020001030122013204320301023000000303131011000403231010000004300120000400400300300300303201241220310002103300411032000113020001104400332001114400324001304400302030420400112040010314001031030
3000040243003310243200000231040000200200400200200200204014020000020403000420143020300000020403140040042220110033002110400032203100000004400003014100001111102211423402120000440022440022000040300002010040100102400030130003402020024200204201042041040410410443
4402404200004130003020000413000430400000002302121324202020200324002100140214014001401430140143010201000203400100400100402140302330100400400030021040043003200213304034111211000003443400100000301233000031400000000000012000002100031024020020000301240200000432
2020424201041000313003030030300342001200031003031003200420000340303204043240440030400300004000032001040104010401030003200320000402010030221003020200403010040304000000040040440430330320020010310404121002343000000232000400121300001234000000123400000012340030
0100100102120120020010014012002324201000404130000003024201000434300310041204200030420003100310021242003130100000000040042032134100022440004300003000011000113003403020040330200403003020040300000013132402021323040003132304001000411003441330123034413034213001
0023331020033040203010304020400101000203010000021030002030300003203030404001020203030400101004023004042020303004210424204030000430300103000000313203021110414003320413124004030330000300202341011042010322400204022000020130030303003230002011010313430002130300
2042042042041042031031440421410401000020203004004100100204300100000300420310020110040004031103113010040040003002104004300320021330030001100300310042002103010411002003210420043000000210031044204000300040003300230003000030022002241341201210003303010340130431
2102330004110023300441000420033000312023310000330041310042330031330000211004400004320000240000440034300300402003412100023103034210020004310000004300004323000004004423031004023111000020444300223202100040032100000042431300000000001020424010030002303400030000
4314120000000004042324101000000000000012443333004241343000032020231342312312013123000400001003000000130310101003030303030301000040004400400004000000000002000000004001331132442430030000003003000000000000111223334402000200000013243130401310010142420000000004
0004412214030000044200000022321104200000231004302234003022342030020404000024204040000201041300304040120200400001203404000023032040014420003300043230023034233144104240040424332033343030202000342000200001412000404000402001412020020400400111301214100110202003
1200000403010432303010302003100043000410300240030014002001400200012432400001240040001134002000123040341112110000034434001000003000200321042004300000021003104420040003014040400203041414201030010340020330003013021101101301201000014000230002310033200044300430
0242334130400000001000101110021042002302000303200003000003000034430333413104001310204210114100302404040404040413030333030333002000000301101301020043201030130013002420000014241000230200104203300300334032301110101010034133312200100001004004000003003200332032
0200322120010214101031402113104002404000010030341313001010320121231222020420110310431433131200112433301030000010001332333223003032003042100043200000003210004310200310100200400420000310010030341332432000132013133213234213130410004403002001000400302201100443
0020034202414002001300001000240000020333340203103000224213103003204001214103040000142030410000030201030102130000240000401021310000000000330030104110412000210300331302004020020231401010030230404320000400000000002121043032000423110043003003104000343032024001
0340340033034303330303230020003024123000323100000000221200003433400102030304001203040010122030101233000031400000000000012000002140003000400033002300030000300220034002033000301302110110130120100100100100100100130103200300230220000200302003003030031000410414
0302430430002013000303024102430100041100303032300022113020120100101014200000010302140200030201033040001030400110324000003243040002204123020000000100320432032302020010143200313331202333303401200434210321100121030003000104030002000040320100002000430310103001
1141003300120100420333012000014003100302002003301032201003100040010220302020300401040301010104200001122200000101222334400011122323030304033002204000200300010330400130000400203431143130104230100000040033122101000002004422311003300041030100241030200100030000
4020230113300020421031032033100200133400212020030203300024100031211400043020200102000303002020000342042241234100100000000000003023000032401114000033120400033000340400103110302220243020240100010002310401024002410121134103400010422040320410010021130010031040
1234430300002233430303031022000031010112020203010314441420002430322211000000102211100000000004440003102402002000030124020000043202241341201210003303010340130431000140002300023100332000443004302000020030200300303003100041041403100221312001000000000110321441
4001024040103030401002001201040422200010331330000403201004002400100032020110033010014003211004430300341134013300031033003400303033001321040202000243302130034033103020133404103020030404303040330000021001000010010020002101200030304030340230010030140003020010
2200024112004401102333201023300004000410000004002414001300140004312000002000134300100300210020013000313320003012100030123400003110203041020000010203442030200023000000000444444444400000000000300303000403433314004333010003230021000100004210414030330004113003
1100320200022004001114430200033213000012022012303020014000014000002040010302040010300030020300130000422123202221004222301202210430444300022433400304030040400304200230013402333210000000123302400102004040040404030202010301001022110103203201400103330203413420
0002034230000334230103000030130002332400030140003110000011220000020220030040140100200300321401402020424201041000313003030030300321023300041100233004410004200330024233413040000000100010111002100302430430002013000303024102430140010240401030304010020012010404
0310010023033004042000003104400200003031310100004032310100000043123400000123010123000000000000231002402310004030020040330203400410020003000040000304003030020314410230233033103201000023031210204433000000000100000332233220000030000012000300200103033002430030
0001410001300141300030301030200020220233012041121002032202330320000043043213210000000124331004000132031102400021400322030301300004020003100300404004010020030340300132043010323400003000034030003010041200403100042012030200403020344000000300142334400000000001
0020030003040402040104040432042000004040100202020303330010401030201400202130300203040420203030010040020323101040020310100012020304000012313122103130300010343010300200100002031004230030230310000420113421302001333000300001300100032042331032001003100303200310
0122302331003033303030113014003130131013100310031003300310331033003130310031003100310100313031004200120003100303100320042000034000312023310000330041310042330031420023020003032000030000030000340004110030303230002211302012010022200010331330000403201004002400
0000303131010000403231010000004343321430000000040423221010330003000032303030402032324241220200031343030303131323232304242414200103013001330230123240424242412341434000000010101012242224003000300021033010000031014242002000000140000003130400001014240000302110
0120120031324020012240200012030040000303001023040024200001000031343130021330301003014303100030112002431043003020032410002003012001303130013000020002200200301403400200030013001400003001300140322300100133043300400043010312032400130010130014003331101001103243
3413200200033411100000032000100044004103330033002004200410031001103000430203001030200002040010303002004110120300401043031040310324000241043003130301330130001100010024133144034202000000103214320044411003002420033431000000141123311301410411020030330011203200
0301030400031300031033102030032003204131031201011001000010010010000134000134000123013400022300013032040432404400304003000040000333000021100440000432000024000044430333413104001310204210114100301010142000000103021402000302010310003202011003301001400321100443
1234000001230101230000000000002300003230303040203232424122020003002100331004321003300040020100020400104001102041020330410304000102043033303004040403000002400000000330133043022002000100333043210000000010000100044400000233440034231000000000030101000000024231
2101310121002102020003004300421000400001002041310223232032301014000403023024040100004330030243300300020001300120021400320020001311131113000000000000044441400000000114423000001400000342203000030030031021004304200002031131004001030210001340333321010104030300
0422200430220230110030044003003042420100200004030344412120002404241401112130304004001020304040002244004320014400230011040113000220004023034030034010004020034120011002404004040403023201013100400014243041000011204040001022214040133002340134013300120012141003
3222044330100033100040210033220100103014040404040312421212420030203040001020404001102030010203302001040104010401030003200320000400343003004020034121000231030342240404040404041303033303033300203040001030400110324000003243040003003411340133000310330034003030
1002402310004030020040330203400413430303031313232323042424142001040010400110204102033041030400010400020002001300033004401040110334110341442003034030000403003003010102020203030304040400001102320220400021320000324400013400001141040100120023003410401001200210
4230201101003033020100302303002000010102021313242430304132424333004103213402034001040102041010023003312432203330344001003200443102404021200000034201300004142013040010102030304000010202030404303000244003304203000003112303133004020003100420004113321003213001
0420041203101003100300020231003040010133020200230324240001303003201001000300002000010004000020000100202120212000214101023202410100022041110000410330200013000041411002402200031300031402200302201302440120030022003401002140100223011010020041313131200133423002
0002122000023100033440000434030032301202002210240304340000404003100200000211010000322121124332230201003022100302020040301004030410020004310000004300004323000004000003011013010200432010301300130220412302000000010032043203230233001321040202000243302130034033
1002000300004000030400303002031403013001330230123240424242412341020430333030040404030000024000003411034144200303403000040300300302002102432402330400200000120324040104100410002002000200030030100000000000234102340000123001210020420201001030410204002040040332
0003122300112333340000344000030021023013402030200223030003432142330000443440010004401000040114011002030240340333210020140310040203240013043000240203032002104430000102003023003033003013314440013000420000200103140021030400302003011022033443234103400202120100
4020002342000001440000034333002000300400200000201301432413303034231400002030420304000220020314200044000301104400203110044000324100003142112022123030003343333111040010004000300000024301004300432000401011100011201013214120202030032002010430433032012110110430
4220141020001033303000333223230420011011013000240002430242200110003120100314010031401003143100410000000400404404303303200200103100442303100402311100002044430022002420000014241000230200104203300200101432003133312023333034012010302013340410302003040430304033
4102302330331032010000230312102043400000001010101224222400300030000330133043022002000100333043210101020202030303040404000011023204010410041000200200020003003010032003310303023402142411113000230220302230022030220001302033000134043111323000343400010100103030
4104404134104133003001203003003033203010224240003030310000342400330034212230443313310331030033303030330130103240200100303404010003133020200100041040300302302013004210043100031000320000043100332324142301432323232312033030134404011300401120030012031000003340
1030204230403000400000010201000202040403022423404002020104130033303001020000003032020210104040020400203101042040310000200001213020020401430113200004034100102303041044032032031203000004004304204003000204010401030002001404100323211321042000300000021033102420
3000420003004320011203301042030302013044330202110001004430003320420003020003031000032000002000040404121002343000000232000400121332021000400321000000424313000000030033403230111010101003413331220434210321100121030003000104030000000210010000100100200021012000
4433000000000100000332233220000000210330100000310142420020000001000000001000010004440000023344000220400021320000324400013400001100000000002341023400001230012100022030223002203022000130203300010012400134004000200013413100030011001400040033003001201100000003
0010001313001402320332300130024024000043000431112024001014020024014014014020030020300300301404401301034020000341003013000240200400422012030103020040200000020040000134043302013000401030204000040303020202010200000100004240403023203030304302000101010304040400
0024020210000003343423100033000100200341201000200041041200100010221410300100010300204001030020404040102023000000003424010230303000110011030110040010031400120014230002003232000000012144403000400432100001432043100001043144210021001000120401002300110000104200
1202030104204033010103004040031400133212413020240302024030002333010003402300440000001300140130000000123400000012340000001234003000001020424010030002303400030000001000010040040000030032003320320200004032010000200043031010300130304030340230010030140003020010
3000001200030020010303300243003040000003130400001014240000302110342310000000000301010000000242314104010012002300341040100120021020420201001030410204002040040332340431113230003434000101001030301100140004003300300120110000000302114440000042300000011144000003
0000043043110010000040044210210000320010004200032001000420003230310313414003031043020100100032013000204000143302302040000004033200230024023002300240030023303403000000123300000001223000122344300143140013030301313133000303030010004000430002100010203300123002
4000012234004012002404002002300400000043004132120112010020000343004002040310104002030010000200030002102200204010101034001022212400014001030113004132140044300300102002001010220212102004000310032402002340000234000124134000123023421031003101310011313001031100
3000014020000201032003140140330340303000030200021111043333200040041201030041001033001101033001100100100102120120020010014012002343141200000000040423241010000000020032212001021410103140211310401141003300120100420333012000014022000241120044011023332010233000
0001410001300141300030301030200001201200313240200122402000120300210131012100210202000300430042104230201101003033020100302303002000031223001123333400003440000300410440413410413300300120300300300010001313001402320332300130024000000430431100100000400442102100
2201404003041221104243042220201000004001133001000033001220004000000230004231010231000031200044102022030300020303020303000000023230020111300001032040000224400000030130213010001003203021004204300402003004120440001203401013030043340300300300000000000000020002
1020133313420000240023200103412301340000323402340000134000323430231400204002041020400203020030000440300010000000200120020113421410030034313104000000330040231000300000423000003423010000001010303020342031101001300011410301422130004200330020203312303010020003
1341333300144000000042001203230032001013004041001002020030330021430030101444302021212404300031312420100040413000000302420100043400000012443333004241343000032020024040000100303413130010103201210310030200200330103220100310004004000410000004002414001300140004
2022023301204112100203220233032040000303001023040024200001000031004000010020413102232320323010140001010202131324243030413242433321023013402030200223030003432142332030102242400030303100003424002400004300043111202400101402002400320010004200032001000420003230
0000400113300100003300122000400010210030200100302122304004003021030121000300031130344300000142313203301233003204300234200014200043341140203020000014220343420004140200203014010030031402002003012301032002332240231340230230000430040013011401040143204001104140
0021030004332203030033030013110003034323030033110400331103400400202003030010110203040040000202201300001200033220014100032110213304000002032142204300031132144304333004400300220030330443010000010201041400003030000242040013103003322044000412004221411100123402
0000000011112022313332444000030043003300130234002304420023114002301020001030122013204320301023003003100412042000304200031003100223134231231201312300040000100300231222020420110310431433131200110102203020203004010403010101042031200000200013430010030021002001
0000430432132100000001243310040034313002133030100301430310003011000403023024040100004330030243300041032134020340010401020410100233000044344001000440100004011401330034212230443313310331030033300140140140200300203003003014044031031341400303104302010010003201
0002300042310102310000312000441003012100030003113034430000014231140110110110110010010010004002003020403201030210002010400104030010024013042100020341130344000431142130043030304040304342422343420023003000000120013003401300340000034102020201010102100101001204
4020040200010203020313132330304000204001230204001030003002010043221410104004030030000300202041010042031020020310220320102303103004104103233013130403030203430420400310133000302133213330300321340011014001330123110200440132200221003300341130231004210032210330
0242230302331302040343200302300003003014231000002312000003100030000030313101100040323101000000431242003130100000000040042032134100001303101010030303030303010000243330103000001000133233322300300001122200000101222334400011122330003133200030121000301234000031
0132031102400021400322030301300020024310430030200324100020030120030002000130012002140032002000133003312432203330344001003200443110020302403403332100201403100402303033013010324020010030340401001301034020000341003013000240200430002040001433023020400000040332
2022030300020303020303000000023232033012330032043002342000142000302040320103021000201040010403000103332120021310130004040440304130410220300100103004002002030014001041030003002001044103203002004403230303440323021300033004100003100420003100310031204220014002
0421100200004321001000003413210041033300220002304112330003000223204003000010000203142142030400401303232122220030203043232421012013022401330243030314032001400200033342000004403001100000110230000002000404040404031212121412000020011044300002413031302410303320
0202300300404100100202003203004102023040010000320100403200403021001200004004003003003003032012410002244000430000300001100011300340004400400004000000000002000000320030421000432000000032100043102303030403300220400020030001033010203041020000010203442030200023
0402000310030040400401002003034001303130013000020002200200301403111311130000000000000444414000000240402120000003420130000414201303240013043000240203032002104430031330202001000410403003023020130042201203010302004020000002004000230024023002300240030023303403
3002011130000103204000022440000043341140203020000014220343420004100240130421000203411303440004313041022030010010300400200203001420000303031304000102420300000031120120030020033034004004004000000242000242400132400131400031300003000000111300030303030304141000
2320430100240240340000000110140234122300112000000004000034402303210430303303400000000400002102100240210024300310121012101210112042323020221201303011013030342240330104100300100020402040000103310030213040003100004100012200023310000000000430004320044210433100
0132204000201000303233333330043101342300001312440000013300000042220310002103300411032000113020004030200403302004030030200403000000400133113244243003000000300300200310100200400420000310010030344001300004002034311431301042301000000000044444444440000000000030
3001320430103234000030000340300040020003001300140000300130014032000114423000001400000342203000030400101020303040000102020304043000010200302300303300301331444001004210043100031000320000043100330001340433020130004010302040000400000012330000000122300012234430
0301302130100010032030210042043014020020301401003003140200200301142130043030304040304342422343420010410300030020010441032030020012012003002003303400400400400000432123214000300000040004433204300012433034000313030303033040030423000130120004000230134001200043
0440041201100100320332000204000140041330021003030300033143042044400204103001030010300204002041030420123220430203000004332133220001010004004104000102410100020441434200030003034040342424030303041313002020020200101402003230030320024300043400042100032000032000
0032002000300030032000010000430112000004002200330313012342032404110440033200111440032400130440030013132402021323040003132304001000000000001112233344020002000000133243200013201313321323421313040000040033122101000002004422311003030004034333140043330100032300
3010041200403100042012030200403023001001330433004000430103120324003003102100430420000203113100403000244003304203000003112303133030004200002001031400210304003020232414230143232323231203303013440303020202010200000100004240403001431400130303013131330003030300
0402003004120440001203401013030023010320023322402313402302300004002300300000012001300340130034004403230303440323021300033004100002420002424001324001314000313000001243303400031303030303304003040400400000010010324324300000000014301430143004000400040004000400
0400032440001102200000214300021443204232302030310014343030033343020020300104203031000020300100300002200000314000433211004430000304220240000134004000113400400012320022230040140100200300301401432330420010203040011020300102033042000302000303100003200003200004
4300001014444000010104343000111100100000400400300300300301201244020304204001120400103140010310300041100344133012303441303421300113243130401310010142420000000004100044030020010004003022011004430330004103010024103020010003000021000100004210414030330004113003
2034400000030014233440000000000100130010130014003331101001103243010302100013403333210101040303000402000310042000411332100321300103011022033443234103400202120100040113004011200300120310000033402320303030430200010101030404040010004000430002100010203300123002
4334030030030000000000000002000230040013011401040143204001104140000341020202010101021001010012040310042000310031003120422001400203000000111300030303030304141000230001301200040002301340012000431430143014300400040004000400040043032304140143031301000220420302