0020020030030004103004104104020000000101100000001044400000004344200014203000202000102030002020400004023010000402301000040330100000100140044034023222002001001400214210000031031000004204100100400023400000001240020012402300001201000003020000040302010003000402
3131000004242101030402343100000200004002401301200000340240120010000043002100004300021040043002103000010043002030440020202323040000203010200230402030103040204000000443201100000004400000004432110020014002434002001300001300240040022004103000204410330022001002
1103300000042004001114430000033200002023300404040404040400042420341120000000341110000003230010000400200240200030140030044220003004200410031210031003000200310032400002212400000344000000400020001030204030423000400000010001000400040400420000003434201021202031
4000012034024012002404022002300410031033104300320032000101002103002300000132240000023002001313004000010002030400040010102030304004211000000043210210020232132100230040040024024034000000013014020440041001100100320330030004000104000022200001022000204143000214
0000010110000000104440000000434400100140044034023022002001001400010000030202020100040302030201040000430021000043000210400430021000044322110000000440000000443211110330000002200400411443000003320400200430200030140030044020003010302043304030004000000100010002
1002103310420032043000000100210304211000000043210010000032132100040000244020010020000021430002140020020020020020020020401402002003000203040000021030002030300000042000000310010042042000420420000004003032020010000022421310000002130400210020000203000024300001
1300001400201400302001400001400200004040400202020303030010101000420044003100300020042004100310034242010000000403034241010000040440010130000202200024240001303000003004000000002013014024130030040204040000242040400002010413003000200341001000200041041200300030
0000004003413412011001000000034001340000123402340000134000023410000340200100301301003013001004020020400103020400103000300203001341003000220002004110330003000220341223001120000000040000344023234001133000120000000000334101224440401202304000012034040000230340
2000142030002020001020300020204001000003020202010004030203020104002030102000304020301030402040000000000000040404040404040404042010302040304030004200000100010002400001000003041014102212223030402010402020404020044100030201031303000003340303324313300010130303
3020302300404043000302030204013302000004000400401000123312300301000040404002020203030300101010000204030304203430203001010304031420303040400302020303040010100202020404030024204040000201042300302040012344030400031420334001000101040002302020000104030300202000
0020410401020400103000330004001100042443003030310134300101100001103001410003001033200000020010330404001330303044040012223240400020100203010000200301000200002000030402002231420300020020020314203030010003000030300202101040430202041230330101333102200104004040
0040020101101040000300100002000103040220220304000122020400303000202003010310120201040040030200230204101340040310400003002020410120400300001000020014214403040040010400331303200000000430000102104002041030010300103002040020410304002033310420101130002010310030
0004023010000402301000040330100000004300210000430002104004300210000000000004040404040404040404204000012034004012002414103002300404000024400001022000002143000214230100103004423422300000000331203002210400424021004400320011043000004043200202020303030010101000
1203430232002304001003003400012001040000243000213300011300001430000000400311341201100100000003400040042200110033002110400032200100040440203030130101042222303001404012023040000120340400002303400401032002131000244002320011300023422412412331001000000000000000
3000220003000221304000331000000400400203031010400203001000020203100203401012034040102303404010030244004300011400030001040103000201010000000100000020010010002001004400033110442000311014400032210401203001042030310001003001003040401020030020203034040202303010
0003400130002000104014300020002434403000400020000001000201134244330000110003321000400003211000330042031000020310020300100303100010030301010230300010230304010120024021401430030002000200020011400120123023400400000002312430240000044000000110004332110044300000
0010014004403402322200200100140000044322110000000440000000443211103020403040300042000001000100020400002440000102200000214300021404200000031001004404200042042000130000140020140030200140000140024242010000030403034341010000020402040400302420414101030104130030
0134000312340234030113400002320041003000220002024312300003000220404012023040000120340400002303400000003440032024142020343430221130300102000200303202021010404002400114402200032200002200044001140000000430023210431043200021000020020031421402010030140102003000
3042430404213040030400004040020424204031330420303201012030012030240002400132001300013001300010002000403112402000411302402000412000002040130202410030200013000441000001133040223401020000100001112002040040031020020400410010200300110011000400010010001403120304
0004400000031000433211004430000010032004030404020000300340201300040000010023442040000011321440040410410320300010010000020043022013002400300240030214002001400200420200202232010020014103030222100101000302410100030241000002014101240240000124004000113400400012
2142100000310310000042041001004011033000000220040041144300000332400001000003041014102212223030402301001030044234223000000003312013000014002014003020014000014002001000403023034023331113411343200001143000041020241240000443000000004001330204001030003002030013
0003030300304000333424231133000000000003003004014010200200300300300022003320023403433013133000041234034200004400224400220000400002041010400403134003030323204101304243040424304003040030202000041013042000301402124110100403014104040000014030221024000024210011
0012322134024011300130011331034100420340303203200323201023231010041323133144004202003333431042120100032040343414130422012121002041200140223000103232340220000000242011004000300000324201203300230410410320120310013000040043020043200300323230001031214240000010
1020040010102202124222040000133300200142103030443331000000301000003001403330220232120340030023311003133330000031130103300000210400334400000440000140000011220030030103000300101030200020303103014342020100000041411202013030300402002003004014111020030030140140
0023400000001240020012402300001204002004302000301400300440200030201040202040402004410003020103133002210400424021004400320011043042420100000304030343410100000204000114300004102024124000044300000020030140430003401301032212032004040010203030440400102030404000
0320004210012000420121004300042100000000000000000000004000004000024400430001420301030402040103020002343010100000430333110300200010440103204002020323010002330403200040000020203020403020000041004322020400000300032424023332030400013034003020022030004220324030
0100024040040202030000040401001024403404201330303033331333333031004441100000242303343103030311110014323010333040034220304001212013004401200303200332010324431003200010101043104003101000200420304003000204010204010300001202130404321030002100224330300431432130
2400002340000032030422134003103030200420304320304330402100100231020104140000303303004004011313300011032000103022133134233032033200000004040204040312121210100000003420304030413000110031023302131313002020000003131203033333010320304000102030400110304001020330
0100000302000004030201000300040210302043304030004000000100010002030000033403033243133000101303030000404320020202030303001010100002040400302420414101030104130030000040013302040010300030020300130404001020303044040010203040400033330102000000303202021010404002
0332332040320400200002030030300020400300001000020314214203040040040020303104203001000020300100300032420020420104204104041041041303002030002021030010400204100300003204004001102002040041004020030030404300300240100004303202100140221040020430003021030010431040
0440410320020013310002040043042030331042031002001303000303100310001003000104100200100002332204002033100204010401030002001204100300300010020040000000000300440002100330022104004320020021100104300000032104200430000002400310442001001000320421004320310000004200
0011003100310031003101003100310030004200030040200332003010420003001110443004140441204010044204020130330004110023302441000220033000010044300002110001004430001320403000000004300043400442104331000000310004310004210003200003200022300302000303100003200003200004
3131000004242101030402343100000210021033104200320430000001002103302030230040404300030203020401331203430232002304001003003400012001340003123402340301134000023200000303030030400033342423113300000320004210012000420121004300042103323320403204002000020300303000
0103101404424030330302002010000140022000440023300100003400120004244033034000000000010002011342344200401220021100200040202430000420420420420110410314314304204103100320040301040200003000402010000340300033004003300300230022023012344000000012334000000012240000
0000034230020034230100000032100034003320310030003003033403342031030103000000100000103010203000204030141030104030130240210030220100001220000433000034400004340000202334122000100003000000044023343000420003024020031200301042000340300303042030300401000040420314
3003014020020401002000140140300311240130001440020300440012000130000003031113222233333444400000000040230002300024240040220002330002003003004041001202020030030041011120400020102000020303010301310032002000300030032003010300430123300010144430000101043430001111
0000400240130120000034024012001004211000000043210010000032132100020000040004004010001233123003010104000024300021330001130000143041003000220002024312300003000220000000030030040140102002003003000000000000000000000000400000400020400300001000020314214203040040
4002200044002330010000340012000400042000421000420004210100031000100303010122303202122303010101203040000000213242430400000000032404000000203304004100100204300100130024003002400300140020312002002242000034340000000022120000343301012102022203033314141420202400
0013440000044003011000001122000000033003102310031303000310031003010011010010010110010202120302100000200404240404031212121212000030103202022010210001040000404003402100010130002400224002424001300031004430000211000100443000332020330202413020240322024030202303
4310000000000302111104333320004002203003001041001022020030030041113003001000320220014402201140022300000423100000233200000312000002010040010000320100403200403021013423000013124400200133000000121003200400220030001003204400210400100000400400300300300301201241
0000430021000043000210400430021004000024402001002000002143000214000040404002020203030300101010000000004003113412011001000000034040401202304000012034040000230340300022003320023403433013133000040244004300014203010304020401030204002030310420300100002030010030
2440330340000000000100020113423410030301012230320212230301010120020142000221100043321100443000000021001402140140014014301401430100030042031002001003000303100310012402200001240040001134000000124001030303040012010403131120301030221430020000221312020202020444
0200200000401401002001033014024000310311023100130011313011300100000134000134000121013203002101012030433012203042011022320304033010000300021101000332212411413324003140400314013211221033443120214200010200030310030323000423000001000320230034323032430010020000
0410010300410010310014010333011043000340114430120103144030021411301023001030102013204320301020000000301131010002401411323200004300100000400400300000320001201241220330302103300421133000140020001104400332001114400322001104400304000420400102040010410001031030
3000010043002030440020202323040000200200200200200200204014020020020403030420343020300101030403140040042200110033002110400032200100000034400320241420203434302211123403420000440022440022000040000002343010100000430333110300200000324200204201042041040410410413
4200401220021100200040202430000430400000002132424304000000000324002100140214014001401430140143010201300221422102420300402340302020302400130230021040043003200210004004011211002023143410101010103233200004400200000000012000002300034004020220020321241220000412
4020124224041200113003030030300042004230031203031023201440000320003224040040410232400300004000000001043104030401030203302320003422012030401003020200203010040301001000340040440430330330220010112404321020343101010333300400121000104214000000123400000132340010
2100300120120122040212033012002034304030404330000003024203000414200330043004210030420003103310043242000100100000000040042032132100022420004301003000011000113000403020040330200403003020040300200210100102021121020301112102021000411003441000320004110004410003
0020301020023040203010304020400003000203040000021030002030300000203030404003020203030400101002020004044020303013010104222230300130300102000200303202021010404002020410104004031340030303232041011044010320400202032301000233040303002030002021030010400204100300
2042042042011041031431430420410304000000203304004100100204300100000300420310020010030003031003102030240013023002104004300320021030030002100300300041002003000410002003210420043000000210031044204001310040003300230003000330022002230323100200043000030042120131
2100340004110023300441000220033000312030310000300041310042010031330000211004400004320000220000440031233040301000412000023102004210000004310000004300004321000004004423101004023311000022411000023202100040032100000042431100000000020302323000000002323303000000
4312120000000004042324101000000000020324443333322221111300020000231342312312013120000100001000000000003000000002010200000200010040034400400004000000000000000000002001431132442130000000000104000000000000111223334400000000000000212130300000010142420000000003
0004432011000000044000000044321104200000031001004204200042042000020404030024204040000201042300304040120230400001203404000023034040011440220003220000220004400114304243040424304003040030202000042000400000202030204030200000410000320400400110200204004100402003
1003200403010402000030004020100013002400300240030014002031200200012402200001240040001134000000120040040112110020231434101010101000200321042004300000021003104420010030004040400203041412230000010040243200023013010000020240200000012000230002330033403044000400
0442002000420000000000000100020042000302000303100003203003200004400300400101000300204102133303200404040404040403030303330303004002002030301301040240200030030303002420000014240000130430101203000000032402311103030303034022344200100001004002200023003000032002
0400020043010204001031400103131002404000010033241333000010020141402242042201104002300120001203314433000000000000003332233220001032000042100140200000003210004340200310100200400420303340313031141034100000112000002400401431410410004403002001000400302201100440
0020014002434002001300001300240000040030320200100000224213100000204001234403040003142033400100010401032002131000244002320011300000000004300232104310432000210000101304200030140212411010040301414322020400000300032424023332030400304043003002401000043032021001
0340300033004003300300230022023022420000343400000000221200003433400103030304001201040313112030103233200004400200000000012000002340013100400033002300030003300220004024320002301301000002024020000100100400100100100100200200200220000200302003003030031000410414
0002410130002013000300024002400100343230001031000042310040320100101414200000000304140400020203033040014030400010324000003243040002204120020000000300320431032002020230440230300301402003000423000433210321100021000000000004000002320020323102002000430313133001
1140003300120000440330012000034033000432001032200022100301000140010120302020340403040001000101200011132220000001222334430011132320030001033002204000220300010330400001302400200401340300311330100000040033122001000000004422311000100141030300241030200100030000
4002200410300020441033002200100202130400210020000203000024300001010400023020200001040303002020002342241241233100100000000000000020020031421402010030140102003000040400000140302210240000242100110001303400302002203000422032403040221040020430003021030010431040
1234400000001233400000001224000001012102022203033314141420202400302214300200002213120202020204440003400402022002032124122000041202230323100200043000030042120131000120002300023300334030440004002000020030200300303003100041041400001220332243000000000410321443
4001012343103030101034002213040142100000033300000403204004002420100032320112033010014001213004400340040104210300031033303400300030001000010204003243002130001030303040030424303040030434303040030000004001010310040323001111203200301020042200040010140303020030
2200022112024401202333100023320124002400202024002414001300140024032002342200104310300310210042040000012340202012300000123400000110203041020000010203142030400020000000000444144444400000202001100000013400413014024030330200210021000100004210431000032014410000
1103300000042004001114430000033213000014002014003020014000014002002041040102040010300033000400113000220003000221304000331000000430424304042130400304000040400204001232213402401130013001133103410100024040040202030000040401001004404103200200133100020400430420
0000034230020034230100000032100000134400000440030110000011220000020020000040140100200103301402404020124224041200113003030030300021003400041100233004410002200330044200200042000000000000010002000002410130002013000300024002400140010123431030301010340022130401
0313030320013001042003003100410200003031310100004032310100000043123400000123000123000300000001231000410010004030020040330200400410000300000040030304003031020410410000020013100431300200301432004433000000000000000330233320000130330144003300200103003012000130
0001410001300042300033311030200000000340010021021002103200200420000043043213200100000120321001000140011322400023000024000001310004000000100300404004030020030340300023040020320410104201041132003010041200403000042010030200403022144100000000112334001000000001
0000202330040404040404040004242000004040400202020303030010101000000424430030303101343001011000010040020303101040020300100002020324204031330420303201012030012030004203403032032003232010232310102440340420133030303333133333303130331042031002001303000303100310
3400332031003000300303340334203100033003102310031303000310031003003103110231001300113130113001004200423003120303102320144000032000312030310000300041310042010031420003020003031000032030032000040034323000103100004231004032010042100000033300000403204004002420
0000303131010000403231010000004343122303030000040423241010000000003002300012404032324244022220004343133333131323232324242434202100300230003232323242224242434343430010303010101014242424000000000001211030310304014242000010103340100033430400001044240000002130
0100323001144040010240001012030000100333301023040024200001200001011002313030023000234010120002144002133043001020002430002000014021002130210000020022401200001401400200030013001400003001302141122000313130023002400240330014012400130010130014003001303001401240
3411200000003411100000032300100042004400310030002004200410031003103001410003001033200000020010331002034010120340401023034040100324000240013200130001300130001000041323133144004202003333431042120044411000002423033431030303111100100300010410020010000233220400
0301030000001000001030102030002001001101001001011001020212030210000134000134000121013203002101010032240400404102324003000040000033000021100440000432000022000044400300400101000300204102133303201014142000000003041404000202030310003232011203301001400121300440
1234000001230001230003000000012300300230001240403232424402222000002100311004321003300040000102020400104001102041020330410304000102023330303004040403000002400202000303100223014032000300330010010000030010000000044400000233440234031332023002010401000023201231
2104340321002102000003024300421030200333020023210203232330304044000401023024030302004032030240300300003203100320021400300020001311111410000000000200014144400000000002140210033410202042200002030030011021004204200000031431004003330210001040303021212104030300
0400200240200030140030044220003042420100000004030342410100000404040400133030304404001222324040000244004300011400030001040103000220004031124020004113024020004120010003204034341413042201212100200014323010333040034220304001212020331002040104010300020012041003
4030141030104030130240210030220100002004042404040312121212120000203043301220304201102232030403300001043104030401030203302320003400312330403010004120000231020042040404040404040303030333030300403040014030400010324000003243040003400401042103000310333034003000
1000410010004030020040330200400443431333331313232323242424342021040010400110204102033041030400010200342022020300033004431040310034100220412000034230000403020000012122020223030304040430001102020020403021330303324403011400104341240100122023003413401301200230
4030224101023033020100102303002020210102023313242430304132424303204002003102004003040102041030040003011402402330044021003200440100404021200000034203001004342011040010102030004000010202030404103000222000334400020000432000113004020003100420004110023003411003
0420041003121003100300020031003240010130000202200024240001303000201002030100002003010002000020000101000000010000002001001000200100002040130202410030200013000441412001402230001032323402200000001300440120030320033201032443100300300010020040000000000300440002
0000122000043300003440000434000030103202022010210001040000404003100003000211010003322124114133242201203040100302020020301004030110000004310000004300004321000004020020303013010402402000300303030220412002000000030032043103200230001000010204003243002130001030
1000030000004003030400303102041000300230003232323242224242434343020233303030040404030000024002023410022041200003423000040302000002002300402202300200400000120021040104100410002002000200030030100000000000234002340000123001230220200233004030410204002040010430
0001122000112333340000344000000001003040401010101223030001400220330000443440000004401000040111011000003440140330230220110010000003220010043000210400032000104430000040000033030043200034021042013000400000200003140021030200302020011032034143200320102000100101
4000022124000003440000004000200000300400000000201301402413003004030402002231420300020020020314200044000331104420003110144000322100000113304022340102000010000111242011004000300000324201203300232000101010431040031010002004203010033002210400432002002110010430
2023341220001000030000000440233440210001013000240022400242400130003140400314013211221033443120210010003400404404303303302200101100442310100402331100002241100002002420000014240000130430101203000202304402303003014020030004230030304003042430304003043430304003
4100000200131004313002003014320043001030301010101424242400000000000303100223014032000300330010010121220202230303040404300011020204010410041000200200020003003010000002000003040424342131310200000221000200332303020303301033100304040101023020340400010100303000
4104122104424103303003103003020103200000424210000030310000042420000003004430110310010033000003020030034100100240400102303401012023130020202100243010301302002031004210043100033020020000243100130022123333210000000010000202314404011300401120030012003010201340
1030204030423000400000010001000402040400002420404000020104130030303001000300003030020210104043020401203001042030310001003001003020020400400310200204004100102003041041032012031001300004004302004003000204010204010300001202130400000321042004300000024003104420
3000420003024020031200301042000300310044300002110001004430003320420001020003031003032300042300002404321020343101010333300400121032021000400321000000424311000000000003240231110303030303402234420433210321100021000000000004000000000040010103100403230011112032
4433000000000000000330233320000100012110303103040142420000101033000003001000000004440000023344020020403021330303324403011400104300000000002340023400001230012302022100020033230302030330103310030010400434034000200013413000030011001400040033003001201100000003
0013001013001401300131300130024304000023004410013024000012023104014014014020020121300300301401431301032020300241003013000240210400402014030103020141210003020043003002340302040000403030211100040303000202010403030400004040403040203040300002021323230334343401
0004040042000000343420102120203100200341001000200041041200300030020412303301013331022001040040404040102003002020303404020230301000110011000400010010001403120304432003003232300010312142400000100432103000210022433030043143213001001000320421004320310000004200
4030030304203030040100004042031420330202413020240322024030202303010003202300343230324300100200000010421400000012340000013234001000020302323000000002323303000000001000010040022000230030000320020232002032310200200043031313300100301020042200040010140303020030
3033014400330020010300301200013040100033430400001044240000002130340313320230020104010000232012314124010012202300341340130120023020200233004030410204002040010430040401010230203404000101003030001100140004003300300120110000000302124240000130330003011104101000
2000043043130010102040003210232110423010000230332031000420000210230310404203001000220301100002230000203020240332000010000004231220430024020002300210030120023420000030123300000011224000322344103341013010010003333330002121210010004000430002100010003010320002
4000012034024012002404022002300400000040034134120110010000000340004002010110104000030010000200010003400130002000104014300020002400044000000310004332110044300000102004001010220212422204000013332400002340000032030422134003103000110031003100310031010031003100
3003014020020401002000140140300343100000000003021111043333200040041001030041001031001401033301102100300120120122040212033012002043121200000000040423241010000000040002004301020400103140010313101140003300120000440330012000034022000221120244012023331000233201
0001410001300042300033311030200001003230011440400102400010120300210434032100210200000302430042104030224101023033020100102303002000011220001123333400003440000000410412210442410330300310300302010013001013001401300131300130024320000430431300101020400032102321
2000404303031020114243030220201000004001133001000033001220004000000230004231000231000031200041102020003000320303020303000000003030000113300001032040000224400003030003010010033203200223001004300402033004120140001200421013030040140300300000010000013100003002
1003103310430032003200010100210301340000123402340000134000023410030402202203040001220204003030003440300040002000000100020113424410032004030404020000300340201300002001421030304433310000003010003020042030432030433040210010023130004200030040200332003010420003
1124013000144002030044001200013002203003001041001022020030030041430003401144301201031440300214113430403040433000000302420300041400020324443333322221111300020000024040000100332413330000100201413300043200103220002210030100014024002400202024002414001300140024
0000034001002102100210320020042000100333301023040024200001200001302003330200232102032323303040442021010202331324243030413242430301003040401010101223030001400220032000004242100000303100000424200400002300441001302400001202310410423010000230332031000420000210
0000400113300100003300122000400010010000200300100102102002001202003123140000000122344000000112330203000203202204000204200014200023341100001000000044023041120001140230201044011040032412022001010104003034110442204022010030000430040013011401040143004002301140
0023000001322400000230020013130000034020010030130100301300100402202003010310120201040040030200233300001100033210004000032110003304000001002344204000001132144004003001403330220232120340030023310201041400003033030040040113133000111044300414044120401004420402
0000030311132222333334444000000011300300100032022001440220114002301023001030102013204320301020002003300430042100304200031033100423134231231201312000010000100000402242042201104002300120001203310101203020203404030400010001012003200234220010431030031021004204
0000430432132001000001203210010001100231303002300023401012000214000401023024030302004032030240302040020031020040030401020410300433000044344000000440100004011101000003004430110310010033000003020140140140200201213003003014014323031040420300100022030110000223
0002300042310002310000312000411000312314000000012234400000011233110110140113110010010010004004003020403201030210002010400104030010004210042100040043100041000434340003340000031212001312124343420023033000000320013000421300340002334102020401040404123303004204
4000010002030400040010102030304000204001030204001030003002030013020410134004031040000300202041010042031000020310020300100303100004104103203000100100000200430220100313333000003113010330000021040011032000103022133134233032033201303300041100233024410002200330
0040230002300024240040220002330023000004231000002332000003120000000030113101000240141132320000433242000100100000000040042032132100000030000000020102000002000100443300000000000000333223322000100011132220000001222334430011132300000123402020123000001234000001
0140011322400023000024000001310040021330430010200024300020000140030000320310032002140030002000130003011402402330044021003200440110000034401403302302201100100000003003410010024040010230340101201301032020300241003013000240210400002030202403320000100000042312
2020003000320303020303000000003002030002032022040002042000142000302040320103021000201040010403000303302022020010100001040440304330410200300100103004002202030011001021333003103011040113003000204100203300420120041002013004120003100420003100310031004200031004
0421100000004321021002023213210041003000220002004110330003000220204003000010000200142144030400401003030101023030001023030401012013002400300240030214002001400200003344000004400001400000112200300000000404020404031212121010000000010044300002110001004430001320
0200300300404100120202003003004102010040010000320100403200403021001000004004003000003200012012410002242000430100300001100011300040034400400004000000000000000000320000421001402000000032100043402003000103300220400022030001033010203041020000010203142030400020
0400000010030040400403002003034021002130210000020022401200001401111114100000000002000141444000000040402120000003420300100434201103220010043000210400032000104430231300202021002430103013020020310040201403010302014121000302004320430024020002300210030120023420
3000011330000103204000022440000323341100001000000044023041120001100042100421000400431000410004343041020030010010300400220203001120000001031304000102420300003034120120030020033034004004004000000242030242400432400133420031300000000000111000000101013031414000
2300400400240240340000000130140234122300112000000004000034402323010400331303200000000430000102100240214014300300020002000200114042020020223201002001410303022210030103000300101030200020303103010034203040304130001100310233021340300000000430004340044210433100
0111204000201020000203030103013101342300001312440020013300000012220330302103300421133000140020004030200403302004030030200403002000200143113244213000000000010400200310100200400420303340313031144000013024002004013403003113301000000000044414444440000020200110
3000230400203204101042010411320040020003001300140000300130214112000002140210033410202042200002030400101020300040000102020304041000004000003303004320003402104201004210043100033020020000243100130030023403020400004030302111000400003012330000001122400032234410
0300030100100332032002230010043014023020104401104003241202200101340003340000031212001312124343420010213330031030110401130030002012012003002003303400400400400000432123211000410121242004413002320214101031020111010101013042030423000130120004000230134001200240
0440041001100100320330030004000140011330001200000000003341012244400204103001030010300204002041030120123023400400000002312430240001010003024101000302410000020141434202010000004141120201303030041313002020000003131203033333010300003100043100042100032000032000
0032002000300030032003010300430110032004002200300010032044002104110440033200111440032200110440030210100102021121020301112102021000000000001112233344000000000000103410000011200000240040143141040000040033122001000000004422311000000134004130140240303302002100
3010041200403000042010030200403020003131300230024002403300140124003001102100420420000003143100403000222000334400020000432000113030004000002000031400210302003020002212333321000000001000020231440303000202010403030400004040403033410130100100033333300021212100
0402033004120140001200421013030001040030341104422040220100300004002303300000032001300042130034004100203300420120041002013004120002420302424004324001334200313000021410103102011101010101304203040400400000010010324324300000000014301430143004000400040004000400
0400002220000102200020414300021440401202304000012034040000230340040020333104201011300020103100300004400000011000433211004430000001240240000124004000113400400012020020030040141110200300301401402030400010203040011030400102033022300302000303100003200003200004
2330001014443000010104343000111100100000400400300300300301201241040004204001020400104100010310300041100344100032000411000441000300212130300000010142420000000003100044030020010004003022011004400010014103030024103020010003000021000100004210431000032014410000
2214410000000011233400100000000100130010130014003001303001401240033302100010403030212121040303000402000310042000411002300341100320011032034143200320102000100101040113004011200300120030102013404020304030000202132323033434340110004000430002100010003010320002
4014030030000001000001310000300230040013011401040143004002301140023341020204010404041233030042040310042000310031003100420003100400000000111000000101013031414000230001301200040002301340012002401430143014300400040004000400040040002004110330001003101220440002