0042000420003100030000310002000400401003004010200301002000030140443332214333321133232213323221432030420304003043030400304003042201340012000010020340012400023000002200430004200333004420003303110020140301402021030000100301403043132331223212112021220112131343
2040000200002042000300204031030000340012000023030134001200032322043000430004000241000110002000220030040200402001010030040003404231331221220220130110110000000000102000020300003341010413232002200214002140001300003000033000024000132311232133040020012322202002
0030030200400400000000030100100433333330011111000011100000000022002040020300103201020400204020400134000134000100012400012400020200200402000310000100310041000410002014020010140100401001414014233213221021100102000000000000000010304001020403333001010404203022
0034000140000232002244000440001200200032000003021004110441004022003003013020020200400402402013012323231313030000000000000000002000203041020400021020010304102030011403033300022000024400003000240442013402240240024012021202320440320103022200024202030222100440
0040100300401020030100200003014001340012000010300340012400023023431323312232121320212201121010240430004300040000210001100020000210200002030000304101041020200201003003020040343330000003010040340134000134000100012400012400023332132213014031000000000000303000
0020003000020002100411044100400300203041020400001020010334402030403004040020030040000100201302430024000024000024000004303024000011100303000000000000044433322214002004110030004130103042003300022310330000020404101020200001030100300300200401434003003002004014
0022430011400314330000330000020333011010000000003123111011000000042000200200011002000310042042031010104040000003030434342020203000200000100003200103100200201303012140001114400001340030334000002201100000034423311303000044033404100310430042003004200300321002
0010202043233000010203000203040100200140140030020140030020323014001220030412330000222443030233433200000000342310000000423220303003100403420020040042100103330313100020200020203020203030403030204220033003401001000300300143120003421430303042143030304214303000
4433322143333211332322133232214343132331223212132021220112101024313312212202201101101100000000003333333001111100001110000000000032132210211001000000000000000000232323101000001100000000000000032323112000100000000000000344023311100000000000110000044433322211
4220210000000000000303313313110132211000000000110040332211000000330110100000000033433110110000003221000000000010432111000000000031210000000004032311000000000403220110000000443431100000004403311110010101010322110101010123211113100101010034200000000032131000
3200000000342310000000423220000030100000003331100000033310100000221100000442110000044321100000443101000030311010004342100000042122110000033100000044100000000201221000043311001003320000000221001000000432100000432100000043210031000004120000102310000041200000
3100000331100003311000043110000422000033311000122000000111000044310000431000042121000042100004212000004230000433000002300000231021000002100000210000022000023200100000221000431000042110004320204200003100000310004200000421020434000331100031100041100044100044
2030420304003043030400304003042204300043000400002100011000200002333333300111110000111000000000000034000140000240002244000440001040300401002003004300010020130243203040000102040000102031020304300430002103200040002104300010003033011010000000003343311011000000
0004000000440000214000122400001040100130000100240100140040200200001020204020300001020002020304010410020041003000100410020040003030100000003331000000033310100003001234000000123400000012340000004004004002000310110240130020004030000000040004011304030402030223
0200400320010011030030004041340331003003111000133110000431100004001201244000000001201344000000034012001300240024000000100010002000140203010100403010301400030204010410410400300300300200200104103100033110003110004110004410004200000100202232340440400000000000
4000200124001300430002400240003200040201402004020100004020130200020410100204102041010010410104133000330000300003100031000310002100000000000000003000000000000003400024000240000240002400024000042001433010030042000201403012000022003000001030033430402020313400
0134001200001002034001240002300010200002030000304101041020200201321322102110010000000000000000004030040100200300430001002013024300200411003000410030004200330002002440001140001133000033000002001010104040000003030404042020203022011000000044333110000000420133
0020014014003002014003002002001403100100420020040042100100333332001234000000123400000012340000000000000000000010000000000303000010000004321000004321000000432100001300040020003001001303020000240300410300310300410100310411410020001133244000010000022433000002
0404030300004040401010000202010131030331100031100041100044103011400030014400200014002200030002400100004002001010010000400200104200000000010001001120112312234122140100403000030200201014010010422100430000100032000421004300010040002340012003140000340001240004
0202002020300003040010404001040000000000004302432432213100003022020130240300401001002002003004012003300223033010200030041000200130000020030020400301410003022000020202010300101010201010404003200004003313000200014424000200020301032003420004021102220402110030
0022004300042003330044200033031100300302004034333000000301004034232323101000001100000000000000032030400001020400001020310203043000244000114000113300003300000200033004000300010341004300410011234010004010014023004004012003003332000003301403100000004232000000
0010101320203303131010202020203300011300000000213000000132040000040040012001001003003000104104034002001400100030004032303340100023000040300004333000323030000313040401033000404020404000020201010310102102133440410000003000311133101330310030010320302123201000
3300340013003240014001243012300430003100303000131330110003100041000100401004040243100400004000010000000000000000000434343440334340020400103334030103103040020100400003400002200011440030000001242003300420033002200333041000200203013012010000014004004014324020
0000042323133032300340111000000301020102020302030304000400301000300000002044000211440003030230033003003004100200200020020020043004000100200100313003002401303103300421000040311000031100000410301303023030001010040402020003033014300330303031104113042030303000
0020140301402021030000100301403001340001340001000124000124000233232311200010000000000000034402330430002103200040002104300010003010101040400000030304040420202030401000401001402300400401200300330022440003114201030001300300003031010000303110000043421000000421
0300410310020040040002042003002014030030020302030100000100201040401200130024002400000010001000200000011123440010000000000123342320000441000021100332000030000022010000200200130101000040023040102004020040211003010130210403004010003310034001330001440003101144
0000000000000000000404043440334331003030410031100310042004403011020204040000300001010303002020400401400300002011401003003002004000000004000000340000033400002334000444122000000444333000003034031003003100100420020030031001003001004100410000104030403000400030
0200220020003000300300100014013034300030000102434400000000010110004120000212030144200304100003411040030030030030000200104104003040002000010304013320230000000030022000040004000130003400113004003333333224222144414430333143303303300301000320043100430000100031
4313233122321211202122011213134332132213014031000000000000303000111000000000001100000444333222113301101000000000334331101100000022011000000044333110000000420133320000033014031000000042320000003101000030311000004342100000042113000304321000104321000000432100
2000033331133312000030014103304421000002100000210000022000023200340001311000112030414000241030442000041030031000031000331000331013004010301100141100110030343003210043003010003200042100430001001010310112201320033200420044010110103000210042011100431003000340
2003300400301001200030041003200400031003000310310042003100420420200410420041003004100300410031041003003100100420020030031001003020030040304012043003004000130204204100200200110300300210400400320041041002030041030041020030030010400200100300204103002001003042
1031030040213400104104002040040020310200104003030010000100003002133040040010304004001030400430103020200332004040320134000040403213200002333330002030000303344010302010410203011304102030400001334010302040410004020303040013132030103010404030104040420202020303
2040000200002042000300204031030000200030000200021004110441004003422021000000000000030331331311010004000000440000214000122400001000200140140030020140030020020014001010132020330313101020202020330300410310020040040002042003002020000333311333120000300141033044
0000121332404000000000120232404000004001200140002300100004001200000402014020040201000040201302000204002301030010303104042323020420003303440000200040000110002000000003030040044324322134033000224000004100012400000000010230000222002302002003003003003304113000
0102010002030203030400040000100000011340031004003104200100220432000441000003430000000211000004113430000000010203440000000021214201000103010002000200020002000200013030200004010000202404033201222031020010400303001000010000300204120041200414134110041100411001
4432222400221000000000000000000001340001240303240000230003030022301002003012033102020304004023041030203320330001020102010304030204100203410020031002003100200310301000000222000004412100003333310001132440000200031402000200133203104304000402200212022102420120
0034001200002303013400120003232200203041020400001020010334402030322110000000001100403322110000004010013000010024010014004020020003100100420020040042100100333332000113000000002130000001320400001403003002030203010000010020104021000002100000210000022000023200
0000400120014000230010000400120002002020000000200103003044310000000000000000000000000000000000000401003010024040130330100002024020002000400432002100400040030200300000200000224430312300000220000012020202040414040000002111201230144131000004441130202003011020
0100030020012301000300240433010010010010310310410240210410020420324040000000030304323434300000004000200003030100302000300200003000311000100342020230000313030100013400020000030001400032300113001020000203010002203303030304101023201110000000004440323141300000
0314030004004020013013040013314004100200440000134002303100000310040230200300001030000003104320003000340201023211320031403030401022003013100002210000011030241000300230022002200014001300130003302300304000040012020300104101030020002000000000200000000000000000
0430004300040002410001100020002240300404002003004000010020130243330110100000000033433110110000000010202040203000010200020203040100123400000012340000001234000000040040012001001003003000104104034012001300240024000000100010002034000131100011203041400024103044
0004020140200402010000402013020000000000000000000000000000000000020200202030000304001040400104004000014000013300013300010200010200031001000310310042003100420420030020014003020114002002304400000000312200003031100100441211000320004040203011100014100313110303
4430000300000110113324400000000010310300104104001041040000220420004000040003400134001440014401140032000100032014310043000010003100300304001002012014034030000040111000000000000044433022303000201010101040403040404042020202030300022000000112430000022244400000
0210310220400311000033040030021000124004000200230010002403200140210004111000441102410304321003430303010030102411024000200003000000000003000000000000000000000000020404002041400304100030213003242400002400002000021342001440020223010304000200330041003000300420
0030040200402001010030040003404200240000240000240000043030240000322100000000001043211100000000000410020041003000100410020040003000000000000000100000000003030000400200140010003000403230334010000000011123440010000000000123342320000410300310000310003310003310
0204002301030010303104042323020404010030100240401303301000020240400001400001330001330001020001020000004332100010000043221000100020030001043003200100330324040002000000000030303030202020202020200210131014012310040120013101300314000000000000012200122333400010
0041000031000302000203033000003110300003031010420204002040420000002004013030020000100301002404010014000013300010240000130000132030110300030432210000000211041211041002004003300230300010430021000300030301020202020101013101310040020003401230133013201200230013
0300030120012233340014303000300000003310302040130000131000200003020404202000020404200002020400203400303032004010024040130040203340000133000102300001123030023000000000432210000000432110000000234003002104000201300210010023020020000030402020301010100303030300
3133122122022013011011000000000011100303000000000000044433322214312100000000040323110000000004033010000000333100000003331010000310000004321000004321000000432100230000403000043330003230300003132000044100002110033200003000002213004010301100141100110030343003
2000330344000020004000011000200020002000400432002100400040030200000310010003103100420031004204202003000104300320010033032404000220030020031040001042003002003104004104100203004103004102003003001000031120320400300400014002002030300304001001020410301214003000
0020430102001030020104002040400210303031010103042010202030020220101020304040400101020303040404100010102000202040102030402030402210000301040304030203020301000100140302010003010040302340300403240403030000303001020404000320130004030000101302120030300401014022
0301033314020041230203002003040003000000000420040040103100301323030140030040030040030020030020030200300403240020024004013003002202002003200030034004001401200200024013000240130002401330430024200100012000200020021202020202020204330323000240002002040203320024
1020000203000033410104132320022000200411003000413010304200330002220110000000443431100000004403310012340000001234000000123400000000130004002000300100130302000024040401033000404020404000020201010100002002001301010000400230401021004300301000320004210043000100
0000030300400443243221340330002230000020000022443031230000022000030020014003020114002002304400000000000000303030302020202020202000410410020300410300410200300300004200304220004110033440304110203433340344034402304130403400040231440012341011211024202004200200
4330020023130131240303103201102410101010404030004020220202020303011004003302004202203200200400021000000421000314300030231000004303001402222243320233000030000002400030011300140032200013301330011401004030020442100201003014010032023000402020000203030030003030
2003000400320330302133333030042030042223300000442200000004222000234000303042340200000110320000000340020002400100124003400200033000000040020201001000030302004030203001010000304203000010400304002030201020020200200400032003300002104100200000204323210000000000
0214002140001300003000033000024023103300000204041010202000010301111001010101032211010101012321114004004002000310110240130020004003004103003103004101003104114100031010210213344041000000300031112004020040211003010130210403004010103101122013200332004200440101
4000004100012400000000010230000200120202020404140400000021112012000031220000303110010044121100030210131014012310040120013101300310000311203204003004000140020020343334034403440230413040340004020021040201310010012100030031000104200030041002000420031004200410
0111440000103300000232000001244000111113040400140004020202030202310000030000042200004422000431100012101200114110240014000300024002040030000203003041030000100102001000000000000322443421110000100201302400400401002002002203034030131012104110300220010021042044
3000030002134300000001224000000000104040212104040203012102303030002210043110003200001000032000040130103401112010134000340002000200204300020300002030000203000010231011010000040442121030000002224014014001002001401401440300120001100101223302100200200400420200
0013231123213304002001232220200200300300200401434003003002004014131001010100342000000000321310003000000004000401130403040203022320001133244000010000022433000002331013303100300103203021232010001000331003400133000144000310114410103000210042011100431003000340
2200230200200300300300330411300030144131000004441130202003011020200040402030111000141003131103031400000000000001220012233340001030300304001001020410301214003000314400123410112110242020042002000420003004100200042003100420041043011131040121040110020000013001
0401000131020100314312123243100200030301010240411130340400030320200002000310122143124334104324020304001030400400302010110310201000000344021132001341000200022021100320430002003224300030132003202300220132021210103103002300400330044100303320002441200014430020
2030320000131000301001210400200222223333433344402003033444000410201002101014022040410204001030320033000011100001333020030000101124100110310030031022204020310102000200130030024003400300040010010102004402010010020122020131000024032040003000012020103020212100
0030030200400400000000030100100400224300114003143300003300000203320000000034231000000042322000000200400320010011030030004041340304040303000040404010100002020101330034001300324001400124301230040000000000000000000404043440334320033004003010012000300410032004
0102010002030203030400040000100001000300200123010003002404330100443000030000011011332440000000000041000031000302000203033000003100204301020010300201040020404002433002002313013124030310320110240111440000103300000232000001244004010001310201003143121232431002
0300400200100203004004102303032003030100301024010240002000030000000014000030000444002240022300110000004043321323000000000040043000031003002000310020420041004004000001400043432240202330202000220340020002400101124003400200030033200444440300020000000000000002
0034033100032303200042000200002110202040040002023020102020000220002401400300400400240200000240130001220303000113333000000022344110030332100041210000400000431000020410300100004030040030020400000000004000030240201302002214000043031434000124020010420210310002
3333333001111100001110000000002233011010000000003123111011000000301000000033311000000333101000003100300311100013311000043110000431030331100031100041100044103011300031003030001313301100031000413100303041003110031004200440301100031003000310310042003100420420
0001134003100400310420010022043210010010310310410240210410020420103103001041040010410400002204201030000303101042020400204042000010303031010103042010202030020220101010104040300040202202020203030011111304040014000402020203020200030301010240411130340400030320
0303010030102401024000200003000001010330120200012000030020030100120143140440120340243300100331301300100240140040004000330013004011001100220022030030000330033130013001400140022403300000313000140130002300022000200300000130002400340001140002240003300041200012
0113400001043000021033041340000101014340000002200000011134300000001111442024000000010332430000000000000222222233333330000000003000003030000000000030300000000000000000044440232301101000000000302000141232202002003431210003030020041110200003200000044210000003
0020400203001032010204002040204004200020020001100200031004204203221100000442110000044321100000440012012440000000012013440000000340003001440020001400220003000240000100401004040243100400004000010202040400003000010103030020204020041042004100300410030041003104
0004410000034300000002110000041132404000000003030432343430000000004000040003400134001440014401140020040130300200001003010024040110102030404040010102030304040410011004003302004202203200200400023100000300000422000044220004311020000200031012214312433410432402
0000140000300004440022400223001112014314044012034024330010033130000201010301020102030203040303002040001002002002043004002002103000412000031003442300031000023000433324332443324323243121433243430124000013400023400012300012300000140030140130240030010030024030
2010000403000201010204030201000204003001001040002040030020010420420004200042000420000310003100030000000000444443333222221111100024000023000000320301343400012400020020014014401401300300040040234040404010101010130304030200020003430104104102021000030020300300
0134000134000100012400012400020210101040400000030304343420202030310100003031101000434210000004214012001300240024000000100010002001000040020010100100004002001042000000000000000000043434344033430401400300002011401003003002004010030031001004200200300310010030
3430000000010203440000000021214240002000030301003020003002000030003200010003201431004300001000310014000013300010240000130000132000101020002020401020304020304022100000042100031430003023100000430012101200114110240014000300024003040010304004003020101103102010
0000004043321323000000000040043013001002401400400040003300130040204000100200200204300400200210304430040000000000000010011322433003400303004033110001402333023020042004300030004000400041000100020311430003014201030024403000134414000403000303010301310001400040
2200033100002100002130304100004340002400020000330003300114000140020104002010300141020004002010400000002110000000032221000000441302001300200140020014301000140030204003001003002040030030010400020322444343322441343320444441300420102300201023000000024030030240
0020040200031000010031004100041000200000100003200103100200201303221100000331000000441000000002010014020301010040301030140003020400000000010001001120112312234122400204001033340301031030400201000000000400000034000003340000233420030040304012043003004000130204
0100010301000200020002000200020000311000100342020230000313030100003003040010020120140340300000403011030003043221000000021104121110000301040304030203020301000100030014022222433202330000300000020204003000020300304103000010010200000344021132001341000200022021
0003100300200031002042004100400411001100220022030030000330033130004120000310034423000310000230000340030300403311000140233302302031131100000000004004422322001000100010302030203020302030204000400001233400400000001223400000000002043040030230020303300103004003
4000140001310300430322000234000410002000230110001003200323042021020020010000001000000400300200100003320303040002032200004421100201004020000100024333100402010030432211322102101001000000000000201000203000410002030204000210322003142044000102214000000341020000
0020140200101401004010014140142301214000111440000134003033400000221000043311001003320000000221000104104104003003003002002001041014010040300003020020101401001042400003400002200011440030000001240004441220000004443330000030340320410020020011030030021040040032
0130302000040100002024040332012201340002000003000140003230011300111000000000000044433022303000200410020040033002303000104300210014030201000301004030234030040324400030011300140032200013301330010010000000000003224434211100001010032043000200322430003013200320
0000014000434322402023302020002201300140014002240330000031300014433324332443324323243121433243430420043000300040004000410001000210001030203020302030203020400040000200024000304030100133030013200300130103214123302433042004300010004000422003100011034330242000
4302000403343311234020230002330213001000300300130130030003313001440000303030010223304002030000000021000421004300002100442100433010201030010203000040013233040010401401401301300300300300300300302001420320202012214042000003133430002432200041002432000021000043
3213221021100102000000000000000022011000000344233113030000440334100000043210000043210000004321003100033110003110004110004410004221004300001000320004210043000100200330042003300220033304100020021003003100100420020030031001003000410410020300410300410200300300
2031020010400303001000010000300210200002030100022033030303041010101010104040304040404202020203030300030301020202020101013101310004030300003030010204040003201300140100403002044210020100301401000201302400400401002002002203034023002201320212101031030023004003
0340020002400101124003400200030001300023000220002003000001300024012400001340002340001230001230000311430003014201030024403000134400012334004000000012234000000000030013010321412330243304200430000000000000000000403440344022312200000432132100000000044320210000
0004411000030322000302421000000300043000032130232100000003004341044100030000210003100022004410000430001004210430002004210040002000200200310310040031033004100200031010030031313030030010030020210304003001000040020400200402022004020200203000030404002031000104
1030400102040333300101040420302204100310430042003004200300321002310000041200001023100000412000000000010020223234044040000000000040002340012003140000340001240004030130120100000140040040143240200100410041000010403040300040003010400200100300204103002001003042
0412004120041413411004110041100123201110000000004440323141300000000220000001124300000222444000004002000340123013301320120023001304030000101302120030300401014022320230004020200002030300300030303013101210411030022001002104204430044100303320002441200014430020
3320044444030002000000000000000200340001140002240003300041200012001400301401302400300100300240301400040300030301030131000140004002043040030230020303300103004003100040004220031000110343302420000000043213210000000004432021000043000000112240000000133440000002
0040010004400321043003240133302440101401014010140101300013000030232023404342000402040220303020400200420010031043002004103000203331000403100043200040420030220000000000000000000000000000000000302000023400012342013400002343032422004002100320402200300240030040
0034000140000232002244000440001200102020432330000102030002030401310000033110000331100004311000044000200124001300430002400240003202020020203000030400104040010400000004232313303230034011100000030200220020003000300300100014013010310300402134001041040020400400
4432222400221000000000000000000003140300040040200130130400133140021031022040031100003304003002100300030120012233340014303000300003010333140200412302030020030400200300040032033030213333303004203000030002134300000001224000000020303200001310003010012104002002
0034033100032303200042000200002101134000010430000210330413400001201000040300020101020403020100022200033100002100002130304100004340001400013103004303220002340004430200040334331123402023000233020004411000030322000302421000000300400100044003210430032401333024
0030410200032340010400103000030442120000000000042321200100000000401400140130030004003003000300300300104003003000001042030030030200000000030300020000030300000000040040140120440000000300300303001003003004100200200400020030000021420300000000021123423440020000
0020003200000302100411044100402200200140140030020140030020323014220000333110001220000001110000440004020140200402010000402013020000000000004302432432213100003022010201020203020303040004003010003430003000010243440000000001011020310200104003030010000100003002
0134000124030324000023000303002204100200440000134002303100000310001240040002002300100024032001400000331030204013000013100020000303000000000420040040103100301323300422233000004422000000042220000010404021210404020301210230303022223333433344402003033444000410
1020204004000202302010202000022001014340000002200000011134300000040030010010400020400300200104204000240002000033000330011400014010002000230110001003200323042021130010003003001301300300033130010004300003213023210000000300434140101401014010140101300013000030
4212000000000004232120010000000010100000303004240404333303010222030103000022323003000300000030020203001030000200001041000100000043003103000012300000234000303400000200100310300420410030020041342140201021402031202420430200030024402002200330000000111002200400
0030030130200202004004024020130100122003041233000022244303023343310000431000042121000042100004210204101002041020410100104101041302013024030040100100200200300401300000002044000211440003030230030041200002120301442003041000034113304004001030400400103040043010
3010020030120331020203040040230404023020030000103000000310432000210004111000441102410304321003430204042020000204042000020204002003014003004003004003002003002003234000303042340200000110320000000022100431100032000010000320000420100210101402204041020400103032
0024014003004004002402000002401300111144202400000001033243000000420004200042000420000310003100030201040020103001410200040020104002002001000000100000040030020010440000303030010223304002030000000441000300002100031000220044100023202340434200040204022030302040
4014001401300300040030030003003003010300002232300300030000003002200030004410002100320043000440000201020403040000201020403040010213000303220020034001001203400030334440303030000000000000000104310421004100420003100410043000330013131310403030423030000002020102
2323231313030000000000000000002032000000003423100000004232203030200000423000043300000230000023103000330000300003100031000310002120033002230330102000300410002001300300300410020020002002002004301040030030030030000200104104003030202003320040403201340000404032
1030203320330001020102010304030230003402010232113200314030304010030301003010241102400020000300003400303032004010024040130040203302003004032400200240040130030022034002000240010012400340020003300130103401112010134000340002000200330000111000013330200300001011
0001220303000113333000000022344100000002222222333333300000000030000000000044444333322222111110000000002110000000032221000000441300033203030400020322000044211002002100042100430000210044210043300430001004210430002004210040002002004200100310430020041030002033
0300104003003000001042030030030202030010300002000010410001000000020102040304000020102040304001020000004040303020201010000000040303202004040200013014140200004013003004003000030040040300301401202312033301032301430103230000120000011002200320211003200320233003
0020304102040002102001030410203003100403420020040042100103330313210000021000002100000220000232000000000000000000300000000000000330000020030020400301410003022000040001002001003130030024013031034000200001030401332023000000003013200002333330002030000303344010
0410020341002003100200310020031022003013100002210000011030241000000000030000000000000000000000004000013300010230000112303002300002002003200030034004001401200200000000400202010010000303020040300020430002030000203000020300001024100110310030031022204020310102
1003033210004121000040000043100000003030000000000030300000000000240000230000003203013434000124000200130020014002001430100014003001004020000100024333100402010030102010300102030000400132330400100020020031031004003103300410020031000403100043200040420030220000
0000000003030002000003030000000043003103000012300000234000303400130003032200200340010012034000300320200404020001301414020000401320302304010304001020000003040310032001003000200100400020040033003100003110000310000331000031100003030300000000020000000000030000
0114030333000220000244000030002410002020002020302020303040303020100000221000431000042110004320204000240002400002400024000240000402020201030010101020101040400320300421000040311000031100000410300220000400040001300034001130040030201041020301130410203040000133
3010000002220000044121000033333130023002200220001400130013000330020404002041400304100030213003240000004322100000004321100000002302401300024013000240133043002420203001010000304203000010400304002310110100000404421210300000022200020013003002400340030004001001
0204103001000040300400300204000000000004444023230110100000000030020020014014401401300300040040232040030010030020400300300104000243221132210210100100000000000020401401401301300300300300300300300310100300313130300300100300202100000000000000000000000000000030
0400401401204400000003003003030000020010031030042041003002004134334440303030000000000000000104310030040030000300400403003014012003200100300020010040002004003300000030413330442000000000314133422220230333222020032023230332040040040003104300210032001004100200
0442013402240240024012021202320442200330034010010003003001431200420000310000031000420000042102042001433010030042000201403012000000040033130002000144240002000203130302303000101004040202000303303333333224222144414430333143303340103020404100040203030400131320
0001132440000200031402000200133223003040000400120203001041010300240000240000200002134200144002024003002104000201300210010023020001000120002000200212020202020202203020102002020020040003200330004014014001002001401401440300120001020044020100100201220201310000
0000004000030240201302002214000020001412322020020034312100030300404040401010101013030403020002000322444343322441343320444441300410002030004100020302040002103220200142032020201221404200000313340304003001000040020400200402022020000234000123420134000023430324
1003003004100200200400020030000021402010214020312024204302000300042100410042000310041004300033002312033301032301430103230000120031000031100003100003310000311000222023033322202003202323033204000000033230000000000023220000001440403030202020000004040400000040
4032010302220002420203022210044003421430303042143030304214303000340003311000311000411000441000442200300000103003343040202031340001032003420004021102220402110030143003303030311041130420303030000330030100032004310043000010003130103010404030104040420202020303
0310430400040220021202210242012020002000000000200000000000000000230103040002003300410030003004202000003040202030101010030303030004330323000240002002040203320024021041002000002043232100000000000110010122330210020020040042020024032040003000012020103020212100
4303143400012402001042021031000220041110200003200000044210000003034301041041020210000300203003002010230020102300000002403003024003142044000102214000000341020000300024322000410024320000210000430402020020300003040400203100010422004002100320402200300240030040
2142030000000002112342344002000024402002200330000000111002200400131313104030304230300000020201020001100220032021100320032023300303030300000000020000000000030000400400031043002100320010041002004040303020202000000404040000004000400013000040002300034000230004