2000000402022000000400212000040400400042004200020002000104010401042020024301000012020242020200100002432030003133202000002230020000240022401040002000004002000104000300341103300123044203033304140402230003300000400100004300100042202404020004402030002020032421
0043410000420200000303000004141020300132022243020301220304331300040010304202040010300010300002002210030022224300002322100033212120034300040410003200030000401101000100042343000001001030003300020003000400000040413000000200202002030100020000000330043311232400
0012224200103040000203000202040400200300030021130002000044112232000200030032003300430000030001004220041031030000223002001003010000000400020201000000000002403030002002003202300430020013033300202040400200110303000001002230040011200300030000030000030000334403
2002004200300001040100200320020004222330040000212430232030442220000303000303430201004333240204400120030343030303210303030420010000000012110210220200300402000000440214044321100442110044224104420010010210020020030032000240040041004401000112004200000300000200
0040004200420002000200010401040100240020101020032020004002300102420001040000042000103000000304040403103040020430103000103000323000012204404000030103103000000000001023400010302000020300003234044203041001010300203002001020010320404003001103333030313000100400
0104400001020203011202023243020000000010132230422220002420200020410041010201020042000003000002032002001122100200110110000000003002000300030040440030002004100413004400332022033030303410330001400023020304004320301032004030301323003003320040034300310004300200
0201002302410334000040000300002300001000122100030000300020304311021300331200331000301000200000332000320020010000000200201200243200301003000103334310002401000243000003212000042100000231103000220401300302002100000223401000034310000000243000000000410000300033
0003001032000340022101102000030342000000200043043002100000303033030003214200103303000303033044031030020030000000000000000003433300030300000000300402000003440003414204142020410203042030304303340003000002031410213342430303030012400430003030303132323333333403
0420200243010000120202420202001042000104000004200010300000030404200040010001100133010401014111000000000000002110000000004433223220404001001103030000010020300200010000044100001024010000012001000000000000010010020023014014024024101400010040010031002014100410
4000040000410000100001400014000030000101012000000411430000103204000010004221000300000000200043311010101010101000000000000000000000120004000122300000002330000200040130000000230000002340100003400201011000003004020030100300021000103001003000410131003000003000
1030020010000000000000000000430320300420040000210020030000300430010000030100000302000004022000042010010101000001000011111112000003000020040002300001033000110440204010301300030003013200300000134000000240002413000130000002000020100010000030000041000002000003
0004204100203100000103000003133020140104000000300021000202032000004332111100000003211000000000002313004040000000000210203303004000120000034000034000000012000012041221240230232034004000300000001003004100300410030041003004100304020000041000003040030300002030
0002432030003133202000002230020004031030400204301030001030003230000000000000211000000000443322322302004000300001040100200320020341000101200102031200200320002203300010002401340040000000023013002304000020102004240020003020240400001001422100131010101030104301
3400222400330200423222022204240000000402020030201000014000001320000300123000004022242110200023030200110130000000000000000440443030200320030000232320230020302433141024002000000001020203030304303310000102402000302301101000200230013043000030033000000002300430
2100142141202033200221320212210000042040202031000001130000131030230000013020202000032240200021040001000020400230213010004012400100002021202020002121000222022100000000002110321013200330040000300102000104100010304003032000413000003000200003002000203000020034
2340203320202010002420203341210120430200200403022000240030200030303203210004300311010000420021000030000040000300230220021001401003202124212420202124204020240003222223434334440410101010101000300330000002033303030003330301030000233041003030200041000410003000
0024002240104000200000400200010400012204404000030103103000000000204040010011030300000100203002004100010120010203120020032000220302400034032203000300023001200410020100200041000400004000030000202000320003010300030003004000023224114000000033121213330020101300
4402000000004104330213000300330300003030000003303433333331223030141024000000030004020003010302000011211000000302024000000331300040000003400024140002300100030001003230331333433242303130303430300000000103001300230023002001220203330402400242030043023301034004
2001000133000420230003100400031201023032344202303020333330330010000000010304030402000340404043400300000323202003000030301013000001020403130033200303020004301300001020333300013233302033333310004300300003000303134303300400030000030000033010030300030040032014
0022004203000320034103041000330220001300311300014000434000030000003020010203030003413300002413000000000002313413030303030343200000020001330303240040110230120100102240233020002030303030303013320000123003000300114000010000030040030020300010242000000420000203
0003003411033001230442030333041400102340001030200002030000323404010000044100001024010000012001003000100024013400400000000230130002010020004100040000400003000020030002043422320002323131303334343400200020014002000003001401210240400400302020000000000000004323
1042032333204313320430041000003010140400301000200002004020003000010042022100003320000430001000003001121000000000000043332200003033030342400000030002102033010040000402003000040003303040343000420210000012300034300030124000300010004020303030404020342020130004
2024000030200034300003000023100030400200200003000022002210014030000003000000030202000000000000004210020042002000020440000034203240004300300413330004340100034010230001300043000430004100041000330000030004332412020000000043200030000100400300200200100000300030
0000031012023342010000000004022030123040000234000000040000300031332303000010030120030143034032003200031000001003310430304004003203010324030000301402402000303130441304130000000000000000202014441000230230034400030313032303340044000423000002040002030001020403
0402230003300000400100004300100042030410010103002030020010200103000000000001001002002301401402402304000020102004240020003020240420003200030103000300030040000232340020002001400200000300140121020100004001002301030103004303032000000000000000000000111111120000
0002020003004200402040104020001031003010302021212131010111110404300100000240023001300000400240010110110000000140030032001102000000020420420001042240022044000200030030302121100000303030101100000010000002340010000000344211000000040210010040010101003111010043
4202000042002000020410000204200200243030011320012243000024010100030000002330430004020200001023301000001001000001432000432101000100220001400303001000014002040020023033310102200000201301310140200000000110002333000440000200001000100001010000410003010430014200
4143414141414141020203030303030330000431010140212401212032212421021200012100011000100000020000000040013201220111410141013100214010020200004000002020040402020200012421300400200001300002340122340040302010000004003022100204030203042200041000032001000031000420
4220240402000440203000202003242120404003001103333030313000100400241014000100400100310020141004100000100142210013101010103010430124114000000033121213330020101300404004003020200000000000000043230000000000000000000011111112000043010002400024130011300000020000
0004030400000023032403000301200020120000034000034000000012000012010202000410000030400303000020300101000000000030302020101000002000403202000020032300430201033000430030040000011320031040141000004301100120030100400310000002100003132003330033040003130000130000
2301100004332240000333030341000000002000300030000000110001100100333110012042000000004030300031030010300140000333300400000010001003013013000241113140000330033030010030103030300331000300004000402321001000010400003000343012300200000010003020003000304202130400
2013201001010100003030301043340400400010320014003100000200400300011110100000010141010411441033103000002210003023100030233001033420041400202030100030303030300042444333000000000001100004433300002010020001320000000134000013400010010300020000000030002040042002
0043410000420200000303000004141001044000010202030112020232430200400004000041000010000140001400003400222400330200423222022204240044020000000041043302130003003303104203233320431332043004100000300002020003004200402040104020001000040304000000230324030003012000
0000030000000000000000000000000001000330000003210000002000030000404302000004030200000400302000002213000000440330220110000002403300004440000000043333233100010012220213200333003320302020303300000000010202030340030004001020334303004303012043000303010343030120
0014334000023200000002000000030101023203000230330014304030331200010300220000330001000000003003033202240400013003040100003403040100021340000122000300002400000030321230030040304120000033323330330040001002003200040023020030010002020400000010030000432014030000
0302014000300314030303014000220002023003000000030004020404012020041000200020032003300330004103414344000103021303030303030114102010023002000400300100030022010003420430000000003132340010203003001000031000031042000033000242000000003000000320301031030000103000
2030013202224302030122030433130000000010132230422220002420200020300001010120000004114300001032040000040202003020100001400000132000003030000003303433333331223030101404003010002000020040200030003100301030202121213101011111040420120000034000034000000012000012
0100033000000321000000200003000023120003002010301120323030330010222001240204002001040020000400032200000000410320202020201420002243030020010000000000003040000030300030103003002402401302301201000402322023220203023020300303023022000013100004340000110000231030
0201302401020000440240200000013032404010011002204400300001403330021030300202043000320002000010401010321000400000202034040032023020403000030201214303300000112340203130100200030100040000033200340204340023223030200000000000004234003010000002000024000240303430
0200321103014300000000043221000040001012000400300100030020310033321020100302010204031303230120013000201033400233000212001113003010313300000000010310200300204000302300400000012013023004000000400202300101023033334343430303040100400042003200000000042003100013
0400103042020400103000103000020041004101020102004200000300000203000010004221000300000000200043310003001230000040222421102000230314102400000003000402000301030200010042022100003320000430001000003001000002400230013000004002400101020200041000003040030300002030
4043020000040302000004003020000022200124020400200104002000040003002000410000002000410004100030022110000044000000010000044322210000000000000000010001010101010101420030203000002420000004203002030004033002200210000000000030032000300300200014004023010000000300
1402020300000204000203000302040002024010010100000000000040200404300200340040000200100030004000000004200004101003200100003100042000020000000000000000000002000000000104034000100130000000233240201001030002000000003000204204200203003003004414000000000000010010
3022004030140200040302400000003000001000000310003001232000100020000001002002033002400300010013020000302004021000200002410004000000420042003200000000042000100010223320000001123344040000003003340030000300000020000202013200130303130010032013000400002000200430
2210030022224300002322100033212120020011221002001101100000000030101010101010100000000000000000000200110130000000000000000440443000112110000003020240000003313000300112100000000000004333220000300110110000000140030032001102000001010000000000303020201010000020
2213000000440330220110000002403322000000004103202020202014200022211000004400000001000004432221002000000041002100000004300210100340100000000201000004030200000043320030103301100000040020000003100000004332000000033200000000332300002000000000000000100000002130
0100000322000000320000040021000301002030201000302000000320100433200040020200003000000400200044003100000010004420000000210003303021000432120000010000000000000003200003200004300000400100400210301000030102030200000200003020004300000300004020004301000330104002
0000021101400000022004332000001300043210043200000000000000432130300430000221000021000021042000013000102020200000100302000301003220043000402100320043010402000303100400000010033104400000010032402303030232004123030303401303040010000000320330303300303230123003
2003430004041000320003000040110102000300030040440030002004100413001200040001223000000023300002003020032003000023232023002030243340000003400024140002300100030001330303424000000300021020330100400002042042000104224002204400020000403202000020032300430201033000
0000444000000004333323310001001243030020010000000000003040000030000000000000000100010101010101014010000000020100000403020000004314202002000000010400003131424203002040100001030000300034001200020432100000000043210000000204321004034343401010313323030333332000
3002002230000023300000230200033420030023300040130301002000131003030200403000030200413000010000010000220030140003011112003403000100023104200000000031042102200000300300233013000300024023033040400220022033003300220022033203300300301002101214033000133102020042
0032034004003003000300300200230004000341001010232014232220033020410300000000410301002300000001040000310310102243030300320301012410020003000040320100043023000300142400200010202030000000301132400103040013040010300004040202040013031000201332004311003200440001
0001000423430000010010300033000200440033202203303030341033000140040130000000230000002340100003401410240020000000010202030303043000323033133343324230313030343030000402003000040003303040343000420300303021211000003030301011000043003004000001132003104014100000
2202132003330033203020203033000030003010300300240240130230120100420030203000002420000004203002033200301033011000000400200000031000204010000103000030003400120002033034010000303040000030302001000300300132200320014101111111021000002003344000030033240000300314
0300400220200400001010131140001010012300020000100030302040342032030033303400304313003131031220300002000300040013000440300020103013203331210000021334001003141010043210000300001400100300001100303140343420023310123310022411113000030000024040103010002404300333
0310331133200310140000202030044003030404000000101030304404300030300033113130121343121113330302103003401032002010042041100033033000003000000000000221101000000443013400000123012300000013402340300443340000010011133313334313430120000200003020040200000300003013
0003000400000040413000000200202000230203040043203010320040303013020101100000300402003010030002103310000102402000302301101000200200000001030013002300230020012202021000001230003430003012400030000010000002340010000000344211000043011001200301004003100000021000
0000010202030340030004001020334304023220232202030230203003030230000403300220021000000000003003200000004332000000033200000000332304321000000000432100000002043210030030013220032001410111111102104200031040104200011033004300030000400400030030002002040140103003
4303230400002002000033020100330310203000320311100030323440300000310200000303041003000320313003000003000300020102000201004100300003302301020000303300040301403300020130004000013432314300433100200011013003000100032000400000030000000240000001012400300000124023
0401244010000144043404000000431120300020030021301011130002300001030000102030010103304301030303000000101203004100000001020030400023022301300330033003300440044004002020003233223030303030303000002110000043221100000002021000000003022000300300033000000311004000
0203010002000000033004331123240023003003320040034300310004300200001030010030004101310030000030003001304300003003300000000230043003330402400242030043023301034004100040203030304040203420201300040004021001004001010100311101004303132003330033040003130000130000
0300430301204300030301034303012022000013100004340000110000231030003003002000140040230100000003000000200000000000000010000000213004034343401010313323030333332000000020033440000300332400003003140040040003003000200204014010300303133014040013000340240100000001
0403040000403020300401020003403333100010300030030302030202010030303042000020230400010103204000030010301330303320421431031032000003000301010102020003300301033203410024031110344413110044332110343030323000000000000004042404040230003010300030112233344000122213
1000021040003040002103201204200014021010300030000200134023000030230301010200331000430201000410233000331333003000310231424040003020304000010220304000310220104003420400001031030000002042000000400003004023030100330003010323040400004430000004313030342300303041
0012224200103040000203000202040402010023024103340000400003000023103002001000000000000000000043032100142141202033200221320212210020010001330004202300031004000312202400003020003430000300002310004202000042002000020410000204200223011000043322400003330303410000
0014334000023200000002000000030102013024010200004402402000000130140202030000020400020300030204000100000322000000320000040021000330020022300000233000002302000334030040022020040000101013114000104303230400002002000033020100330304030400004030203004010200034033
0002230004033003020440010200000200003020040200002000024100040000000000000000010000000010010010212002004302200004400210000443110004020013040001304001034000100400300133032030003102003313003400200003100002002100041041000030030000020003000433221100030000030044
0000000000000100000000000040000023024023003021102014000002130003000102040002040000041330411023402002034100210003040304030304300200420120000000340011000000234000403130003140303000014030003002400200100003003103002002040040040043302020100340332010000403020000
0020030003002113000200004411223200001000122100030000300020304311203004200400002100200300003004300004204020203100000113000013103001023032344202303020333330330010304002002000030000220022100140300024303001132001224300002401010000002000300030000000110001100100
0102320300023033001430403033120032404010011002204400300001403330020240100101000000000000402004040100203020100030200000032010043320030023300040130301002000131003100123000200001000303020403420321020300032031110003032344030000033100010300030030302030202010030
0000302004020000200002410004000000000020040030030003033002332303002022401000033000240010000204042001023040001002034030102033003003013001330003300003000000033003003330010000002323000204000110300000320040002230431100322044000300003200000300421000042042400034
4200312030420440000200242041000440000041010000020200000203300033133130013421133003030044430030031003311030003401432331401003003024010400130012000200310000300003234000112344000003400000000000303133130003030303000303030303030221000000004332000340303443303024
0002000300320033004300000300010002130033120033100030100020000033010000030100000302000004022000042300000130202020000322402000210400000001030403040200034040404340000003000000030202000000000000000300000023304300040202000010233033311001204200000000403030003103
0103002200003300010000000030030302103030020204300032000200001040300200340040000200100030004000002000400202000030000004002000440003020040300003020041300001000001030033303400304313003131031220303102000003030410030003203130030030304200002023040001010320400003
0000000000000100000000100100102100202240100003300024001000020404430000000310400002200300021043203003002002001001040040030030020001020004000033000004001002032000000230200004013100300303003200000004400300300320110010011200000000400000020001030003031004141004
0202400300020032000000101003004030200000000013101020202402412220002040103040013400130301040004030000000000000200020032043104210400024023010402001040200102020014100130313004003004320000024100000300403004000300202000004200101003440003300010031400000400344003
4220041031030000223002001003010020003200200100000002002012002432201001010100000100001111111200000001000020400230213010004012400103000003232020030000303010130000421002004200200002044000003420321000001001000001432000432101000100103001400003333004000000100010
3202240400013003040100003403040110103210004000002020340400320230000420000410100320010000310004203100000010004420000000210003303000002200301400030111120034030001000200030004001300044030002010300003000300020102000201004100300000103013303033204214310310320000
2002004302200004400210000443110020010230400010020340301020330030300300200200100104004003003002000200040410101424200000202000003300113400030014031340000104232003201000000400201100000440330200300210304000020300010204002010304300100030040100030030100130030130
1114102030303041020203232300202002100010401040104000430032000130001113010300020343302010000030023022341032033002330032030000031002040200000301301000203020300033140000004240000010200001010300300300030103230300030303432301330402010210100010000003303000203043
0000040002020100000000000240303000301003000103334310002401000243030000200400023000010330001104400000202120202000212100022202210001020403130033200303020004301300400043003004133300043401000340100022000140030300100001400204002003013013000241113140000330033030
0002134000012200030000240000003020403000030201214303300000112340000200000000000000000000020000002100043212000001000000000000000300023104200000000031042102200000132033312100000213340010031410100330230102000030330004030140330003000301010102020003300301033203
0402001304000130400103400010040003013001330003300003000000033003010200040000330000040010020320000011340003001403134000010423200300000300030000030000300000000300003024100000404030000003020100000230004020002100401000230000000004020103400010330001033001133302
0002000300000000000000000000030021024020002023110024020102012222401030000100214010020001002001100012034301000403033301030100100230021403020001330322000302014000024130000300003240003003321000003440012334000100000000000210000003000000000300030303000202020000
0020020032023004300200130333002000000321200004210000023110300022204010301300030003013200300000130000000021103210132003300400003000102033330001323330203333331000230001300043000430004100041000330230333101022000002013013101402001003010303030033100030000400040
3212300300403041200000333233303320313010020003010004000003320034000104034000100130000000233240202000032000043000004001004002103030030023301300030002402303304040043210000300001400100300001100300201300040000134323143004331002041002403111034441311004433211034
3001330320300031020033130034002000333001000000232300020400011030000230200004013100300303003200002010000004002011000004403302003000302410000040403000000302010000022301330001033032340132323401231303300030002004100403002001003331003010300030043430320220010130
0130303030240043000303224001400030043410233030330003220001410030330031043330313230300300044020033000301032220111412214111103003000001040304140010100000040203144000000000000000000000101000011412213032433234323230302330303440002300300340000040000033000304100
2040400200110303000001002230040004013003020021000002234010000343400000024000241300013000000200000102000104100010304003032000413043003000030003031343033004000300000003000433241202000000004320000000000110002333000440000200001023210010000104000030003430123002
0040001002003200040023020030010002043400232230302000000000000042100103000200000000300020420420021000030102030200000200003020004302200220330033002200220332033003314034342002331012331002241111300011013003000100032000400000030030303230000000000000040424040402
0003100002002100041041000030030000003200400022304311003220440003000440030030032011001001120000000210304000020300010204002010304302300040200021004010002300000000130330003000200410040300200100330400300300200040030020010400100000030004200032040210301042000320
2102000300433202021202044300002120004020002024040020004231002021300004013002010034010000000233000020030200403104040001000020000100040203002031000003001002304200430130001000013430000003003020400403001004040300000403022200040303000002022330020303030011010030
1120030003000003000003000033440310000000243000000000410000300033201000100000300000410000020000030000300020000300200020300002003400030000033010030300030040032014300001004003002002001000003000300010000101000041000301043001420000000010003020003000304202130400
0202040000001003000043201403000034003010000002000024000240303430030030030044140000000000000100100000030000402000430100033010400200301002101214033000133102020042000300000240401030100024043003330000024000000101240030000012402330003010300030112233344000122213
0002000300043322110003000003004400003200000300421000042042400034004000000200010300030310041410040010003004010003003010013003013004020103400010330001033001133302310030103000300434303202200101300003000420003204021030104200032000000042020314000001020304102003
0000403014030000040302400020100000200002400024000240102401024040330003010301031104101001201232233002301330102022304331000220001040002040030400420010300214300103400000240400030200013130002014300303130003104321430303200421030033344000000223334440200300303000
2002004200300001040100200320020000030010320003400221011020000303000420410020310000010300000313302340203320202010002420203341210100220042030003200341030410003302000003101202334201000000000402204143414141414141020203030303030320132010010101000030303010433404
0302014000300314030303014000220002003211030143000000000432210000302200403014020004030240000000300000021101400000022004332000001300320340040030030003003002002300031033113320031014000020203004400401244010000144043404000000431110000210400030400021032012042000
0000000000000100000000000040000042003120304204400002002420410004020240030002003200000010100300401114102030303041020203232300202000020003000000000000000000000300013030303024004300030322400140002102000300433202021202044300002100004030140300000403024000201000
0203100143020201021204402000000230030030020020020003003003002003200400040200030044000002004003400031043301000004013001000004033000123003200020420002040102000204233132342000343000003000003320000030020000310410004200200043000003012034000300100400001023004000
0422233004000021243023203044222042000000200043043002100000303033201401040000003000210002020320002043020020040302200024003020003020001300311300014000434000030000301230400002340000000400003000313000043101014021240121203221242100400010320014003100000200400300
0202300300000003000402040401202040001012000400300100030020310033000010000003100030012320001000200004321004320000000000000043213004000341001010232014232220033020030304040000001010303044043000302030002003002130101113000230000114021010300030000200134023000030
2302402300302110201400000213000340000041010000020200000203300033302000000000131010202024024122200210001040104010400043003200013021024020002023110024020102012222300434102330303300032200014100302000402000202404002000423100202100200002400024000240102401024040
3003003002002002000300300300200300200020400004232322211132304423430203240314033013400400030044034030301011033000301011020001031023200020200230000020202424400003200000430001000000212000044300112303032023232303032323240201012003000110030000103300201033303100
0003030003034302010043332402044003000321420010330300030303304403004332111100000003211000000000003032032100043003110100004200210000302001020303000341330000241300332303000010030120030143034032000212000121000110001000000200000001111010000001014101041144103310
0410002000200320033003300041034132102010030201020403130323012001000001002002033002400300010013023004300002210000210000210420000141030000000041030100230000000104300033113130121343121113330302100300001020300101033043010303030023030101020033100043020100041023
0001020400020400000413304110234013313001342113300303004443003003002040103040013400130301040004030011130103000203433020100000300240103000010021401002000100200110330031043330313230300300044020033000040130020100340100000002330033000301030103110410100120123223
2004000402000300440000020040034043020324031403301340040003004403030024014002000010002401400003002000400011000334000000220004000004021303021000012303023304000011440132033030123030401032343000024000000140000102400010024000101303000000112140030332030303001234
0120030343030303210303030420010010300200300000000000000000034333231300404000000000021020330300400030000040000300230220021001401000000000023134130303030303432000320003100000100331043030400400320040013201220111410141013100214030000022100030231000302330010334
4344000103021303030303030114102030002010334002330002120011130030000030200402100020000241000400003000102020200000100302000301003200003103101022430303003203010124300340103200201004204110003303300000101203004100000001020030400030003313330030003102314240400030
2002034100210003040304030304300210033110300034014323314010030030000000000000020002003204310421043022341032033002330032030000031000120343010004030333010301001002300030103222011141221411110300300020030200403104040001000020000130023013301020223043310002200010
0031043301000004013001000004033040303010110330003010110200010310200040001100033400000022000400000331340143411300434003004141000304042020100000403020100000003030130000130000130000130000330000430341034323032303030103013100340003000204000240002040201000030303
0000001211021022020030040200000000030300000000300402000003440003001200000340000340000000120000120320212421242020212420402024000300020001330303240040110230120100030103240300003014024020003031301002020000400000202004040202020020041400202030100030303030300042
1002300200040030010003002201000310313300000000010310200300204000004200420032000000000420001000102004300040210032004301040200030310020003000040320100043023000300000030000000000002211010000004432302230130033003300330044004400420304000010220304000310220104003
0042012000000034001100000023400024010400130012000200310000300003000240230104020010402001020200140204020000030130100020302030003330021403020001330322000302014000000010403041400101000000402031440004020300203100000300100230420040002040030400420010300214300103
0012300320002042000204010200020423200020200230000020202424400003040213030210000123030233040000110404202010000040302010000000303000000300040000444000434000034300000011200003340000000121200034400010030400100400001304000013040003230002300303430343040343100001
4402140443211004421100442241044241420414202041020304203030430334041221240230232034004000300000002222234343344404101010101010003010224023302000203030303030301332441304130000000000000000202014440124213004002000013000023401223444433300000000000110000443330000
4204300000000031323400102030030030230040000001201302300400000040223320000001123344040000003003341004000000100331044000000100324014240020001020203000000030113240013400000123012300000013402340300020200032332230303030303030000042040000103103000000204200000040
4031300031403030000140300030024023400011234400000340000000000030100130313004003004320000024100001400000042400000102000010103003002413000030000324000300332100000000000000000000000000101000011414301300010000134300000030030204040000024040003020001313000201430
2331323420003430000030000033200020000043000100000021200004430011440132033030123030401032343000021300001300001300001300003300004300001120000334000000012120003440430034203032200020000104000043034303343004344304430304430104400124002440004000000000010001230311
0010010210020020030032000240040000030000020314102133424303030300100300410030041003004100300410030330000002033303030003330301030000001230030003001140000100000300100023023003440003031303230334000040302010000004003022100204030220100200013200000001340000134000
1000031000031042000033000242000002023001010230333343434303030401003000030000002000020201320013032303030232004123030303401303040001030400130400103000040402020400044334000001001113331333431343012110000043221100000002021000000000030040230301003300030103230404
0200100003003103002002040040040031331300030303030003030303030302030040300400030020200000420010100300030103230300030303432301330434400123340001000000000002100000221303243323432323030233030344000403001004040300000403022200040303031300031043214303032004210300
0030020000310410004200200043000023030320232323030323232402010120400000014000010240001002400010130341034323032303030103013100340000100304001004000013040000130400430334300434430443030443010440010000000000000000001000000210000000300020013001040204003000300100
4100440100011200420000030000020012400430003030303132323333333403040200000410000030400303000020300023304100303020004100041000300040030020300010242000000420000203440004230000020400020300010204030304220004100003200100003100042010010300020000000030002040042002
0000300000032030103103000010300000400042003200000000042003100013031300100320130004000020002004301000000032033030330030323012300313031000201332004311003200440001200002000030200402000003000030130302200030030003300000031100400000004430000004313030342300303041
4330202010034033201000040302000021000000004332000340303443303024034400033000100314000004003440030201021010001000000330300020304303000000000300030303000202020000023003003400000400000330003041000300000202233002030303001101003033344000000223334440200300303000
0301203400030010040000102300400003000110030000103300201033303100030000001121400303320303030012340300020400024000204020100003030303230002300303430343040343100001240024400040000000000100012303110030002001300104020400300030010003003302030313010433000000431100