0031100422000230003411044200002001402040200004010201420030001002340000001223400200011234002340001004000214300213000043002143102312004010012034030010034010030034000000000400304343032430210100220400101101020022304004001011010340020013040024033000240030330012
2211000011100003101000011000001120241414101010130000000000032042002320001114040203230001111404000030002000420034040300020332102000403302010030220100402010004030240240040040000300000003030002223001042001032000031040031400310401233323332423012030203321402122
0000043310000002043221000040003202000300003410304100010204030022300010401020001330002240000204014110030000330000200002200011001114140202000040422020030301314010122334440000000011223334400112400030430000002003004203200400410040400000101203330200340400000123
4302121310101012000004000034343020010100001303410400104000040022002400130013000440013000300024000033311303420000032111004400002001410000020140320000414030200040000000100040021100400211404001332002320114023202320114023202430002034232120002422211000302000300
0140204020000401020142003000100212004010012034310010034010030002400200130400240030002400303002430023200011140400332300011114043024024004004000000000000000000203000004331000303034322100004030124110030000330000200002200011004200304303303000010042032004302100
2001010300100041040010400004000301410000020140300000414010000040020140331003004020140301000301030004003001340220010034301401340103200300040002400021300013200101444400000002222230303000000444440300030043424232312120201000000311000001100002243000221000322100
0033032000200333033003400301040420030400400100103433443102003040010203040010232033400102303040041003020200401010030232304010100340200200140333220403040020020113234001230134000234124030434023000400002244030021430303000214300300010000001000000120000042300101
3131000001011010003424040000431100010004000430003200032200024000003104130000200300310413000020010304001040310402100020400203303010000302000304020341023044233013002420010014140140001301300002300043014004000400040010001003130122303220303114304043303110103013
3400000012234002000112340023400040020013040024003000240030300243004033020100302001004020100040300200030000341030410001020403000000304300000020010042032004004100003331100044001103211100440000030100010002001201130123122412342303200002040002010021300013200103
1000000000400400440440340340300224100024000424130403020403020003200304004001001031031431020030403004040004101013100022003200043042312010020100000040342312013120040000224400003243000000021430000023010001110333013002011221034020001111030302302020030302413030
0304001040310402100020400203000000110330441003100110330001003000000042020000403201000040310000041000211143300000000000021103222012400123401230002300120001100000240131300242402303002414003020013020201030302000404001000043020240020020441030130002040030002041
0310042100031010003100031000003100044443332222222111100000000221230000124000012400001340000234003003002002001411300300300024014040404030303033030302020200303030020010410004103000020020024104300430002000432043000200043204330003000333230000000040012111000003
1004000214300213000043002143102300232000111404003323000111140430020003000034103041000102040300004302121310101020000004000034343302014030100300402314030100030103003200041100320044110032004410400001300010013400120001300010013220030400400100103103143102003040
1101111444004000030033233330000341000100413040301020103010001004313100000303101000342101000043110440301100300140330104030110030000110330441003000110330001003003240002400001340010130001303000131032400103140020324001031400103130000000000000011000000000000020
0340241301030131100003011010341203103421300310200031000310000031020011000230114003301140033011030300410300410300010300010300010340000001312030000010230340000204301430143014301030103010301030100000033323000000004001211100000101201201301301301301301302302302
2100000031000310110043100100041311400002300110400033001210000340410304103001030010300103001030003434340000000000000000000000000010030103014030103010030200300033040410100033000040112003430000302303043400100132130001001400330030033020341033102133401230003000
1200401001203403001003401003003424024004004000000000000000000203003043000000200100420320040041000201403010030040231403010003010344440000000222220000000000044444003000200020003003300340030104011003020200401010030202004010100304000022440000314300000002123302
0001000400043000320003220022100010000004000304020341023041231032240002400001340010130001303000130003200043100002100042100330000230202010303020004040010000430202400020000440043300010000320032220004231300000301000142311001403030102001020203101030414002031022
0002000430114001000220004001440100030333230000000040012111003020104103000410400304104003020410300024002001300110200020013001013200000000000400442042214211021000303303203202102101001000000020214020040023010034020040023010034000010000201000100131202423124344
1000004004300310410310320020000000400302010302020120100300204421000000112233400000000011223344003003410223003013104120020030104300404013110003414310120404414010021144030000220040010033044003203000400003100232023302440204120043034132023222021002010401030002
0000000004003043430324302101002200000433100030303432210000403012003331100044001103211100440000030032000411003200441100320044104000300020002000300330034003010401041003004042034402200310020230140310204103102002001020010000000303040013201134021000204002330000
0101040203040101232010201010404340010030301020200000130334320200004024110103013010000301301004120040020140300100200430004403001033030023020014111003303030243143000203041011400130320000400144014310340002301033310222004120321230100422100011334021420020203310
4304000120121334000000121024300334343200300000100330300000000020032132102000030203000040043033123211000000043221000012400000004422100022110330240301322000332003411033000330002200022030320000103003410420003000104423020030104400020010031000002000002031303100
2040000013343442100003032042032310403202040400100040020100302010040400031310202220303033434040031004120302034100400030002004133403010300400034333030201302411012000040000240142300300001300302302104010040114011021401402103130222301430302031203024304030342023
0400101101020022304004001011010341100300003300002000022000110042010001000200120113012312241234230001300010013400120001300010013210030202004010100302020040101003031020410310200200102001000000031000043103003011030434000400034310002111433000400000000211032220
0001000440030023001100140003003310200333010001010120302030343420030041030041030001030001030001032301000030100014412000041200004000131230000010013134000001012424002400000130040120002001303131002000101420010014200103001401020420100210310411421032043004100000
3211000000043221000032100000004400323030011110000000334300324240400001001202300300400101200230340010204010304012000102040103040000200230030002003300301031034104423120400000003423120100003030200213000012000003140010230400132400200102401401000314003003002030
1020400103010310002030004204020400400041003210440001104321341020111110000300030103000300030003041120000334001110022330004400022000301002030023000430431201002034104100320410412002041030203201200423004232042000443002230202320032323330303040404040404040404000
4002001304002403300024003033001200304303303000010042032004302100032000020400020100213000132001032003040040010010310314310200304004000022440000314300000002123302030400132011340210002040023300001000211143300040000000021103222033202310303020104040010000430202
0304424333200022011140003003322140404030303033030302020200303030030001332300301030403121410030030001010000030101202003000120230320000302033000321000323330033330402004000301003402004002301003400001304120103310034000412041210231101200230124034003400400000020
3003410400321004104120020033104100013000130002300024000240002400042000041042004042003004002003100213000012000003140010230400132420310200403034042031410200130004430400010213200000001030400000010203040000203040000203040000103000010020021032142243204304400000
3010001030403320040004000400040304322210001100000004000444321432332013040302014030201004030230403000233330003010300030000221003002033020333230201201001001303014011030222003331004330000440000311004002023003402401200300343130120302002103300201004410032004110
2211000011100003101000011000001120010103001000410400104000040003100000000040040044044034034030021101111444004000030033233330000300010004000430003200032200221000010104020304010123201020101040430001000440030023001100140003003303044243332000220111400030033221
1004004300320021040043003200210010040303020101004040330202010100114000023001104000330012100003400000443021110014432211100242333300043000001040040021010030320010004001000100040201201001030014210400002220410002110040012111440031000132100442200044000301100004
1040320004040010004002010000201004432301400301100330100030320021100002110432220443000000000000000040001100321004000110432104300201430104430101400101400201000201000330003301100020000300042001110432221000110000000400044432143210432040022001131003204000204302
1003010330103020030200403014030100330000220203110001144003333022004321000004301103000232130003430400203301022010020400204300102200301403200301402003001403013010000000021133044000002143303000201000043200431200120001300242120313230331000301040102112212320031
2024141410101013000000000003204201410000020140300000414010000040241000240004241304030204030200034100010041304030102010301000100410000004000304020341023041231032400100303010202000001303343202001020033301000101012030203034342040404030303033030302020200303030
1004030302010100404033020201010002010010201003030200403023320320100301030140301000100302003000300140300010030002003040003301020014240203003040140002000033131402004040131300004020404404014140101313020000101423000020202000010230302013030240303024202020301322
0001000040000203003020130044301400403013020000000131202000040240000240204013040233130002402004020030100200002004013020420300203404010130340404222202000023014100012023023030040000000032302023030403302003000022120403100100001400400302202004003022020024330220
0101433002033022004023024033440300301400230331000003301403313010000023330330140340200203330331403020324012013100440010033130033020011033000014013002420043303000000002401302401302401302401302204400302302300102140300120143020020342000000020224024034030000002
0023200011140402032300011114040002014033100300402014030100030103200304004001001031031431020030403131000003031010003421010000431124000240000134001013000130300013004024110103013010000301301004120300410300410300010300010300010303000133230030103040312141003003
1140000230011040003300121000034010030103014030100010030200300030100000400430031041031032002000004313131010000000003041324102000000013003130002300024000240002400400041300030200113000402343100220411030141103000220040032040002220000000000001000000000232322322
0230110300400120004400100004402330100010001003200400040034320423210310043103200040042000000020023434303030304000404040404040400000120003001400400024004001340340034103010301040004000210044034300030000210330000100441003200411011111111222222320000000000000000
1000330410044323030400301100310110200031000104020400142013100001100031000320034303043400011003414300000000020102420040000001013200340003000020024024034030000002410304103000400304003410103103200041110043000222220043100043020003013233000002223320000011122000
0030002000420034040300020332102000040030013402200100343014013401300404000410101310002200320004300440301100300140330104030110030000032000431000021000421003300002004002014030010020043000440300102301000030100014412000041200004000010100000301012020030001202303
0000443021110014432211100242333301403000100300020030400033010200431313101000000000304132410200002400000313010413010100424020103000100000000000000000030302000004020101010004040303030303030302023214001010010010100011012214221140302041420303001000001020314122
0013124240000011020233330200000041030010300103002040204002041020000000222330000004440000001100003001040020010300204003101042020003204300144000103200003023003243042420031010331030030042420031010300100010340001340134003123300020030040002233103000020300400021
0130041003440022000124301001000034213421231023202200321001000100300130024002001300140024003000202100030021200341041200301002003413000002300100240100333000004012044300033200022100022100010004202030014030030012020040020023124001002003300042120000310100042000
0040330201003022010040201000403003200300040002400021300013200101423120100201000000403423120131200011033044100300011033000100300330202010303020004040010000430202330300230200141110033030302431430013123000001001313400000101242420000302033000321000323330033330
0004300000104004002101003032001014240203003040140002000033131402000130031300023000240002400024000010000000000000000003030200000430002110440033200010043000211000020304000020304000020304000010302400010301302400000301312401000220000112440000000000001243400003
0000413100000000000000002221000010010010000000000000003030000020024140302020100000000404030202410100034012400230000003401234012243330303000000000000011100100033004310021003431000431322400042322020030300003031030412100301000000300003002304120040120040200403
1110030333400024230104040000323003210010030200432032003000004020020042003100200420031002003100200010341323001010102400100010341240330323012011000000040034033002011021430440000000210204200400203020042310000300024233003221020001032340020400230012320300022001
2402400400400003000000030300022244440000000222223030300000044444040000224400003243000000021430002400024000013400101300013030001340002000044004330001000032003222000203041011400130320000400144010024000001300401200020013031310040200400030100340200400230100340
0040010001000402012010010300142100404013130000402040440401414010400041300030200113000402343100220201010100040403030303030303020202030400002030400002030400001030020440404004030030030130042041210230300304004010011203022030030132203114201300011030022441230010
0341032002100301410344001004000300300002103300101034210032004110030103002400001303024000021030210003120000032320342440340430200003000024140000004244000033440200000000000443313241000030300000440000000000000302000303000000000030010012142340240004000030312011
0003343300300024130033034112200030202000314304010224300010100000001300310430023200134003114000240440011001130003400040012000231004303430140014000432000220022002240024134002013001002000000300202401200421203201012004010021020124032100102201103010040100402010
3001042001032000031040031400310403000300434242323121202010000003002301000111033301300201122103401032400103140020324001031400103100042313000003010001423110014030431034000230103331022200412032122000101420010014200103001401020400013041201033100340004120412102
0400002220410002110040012111440013130200001014230000202020000102041103014110300022004003204000223214001010010010100011012214221124000103013024000003013124010002023030030400401001120302203003010332031102010110002134102101100002301340230000001200130124004000
0303032010210001040304002030210231120103102001024300042420000003123400040000012000234011230000400100121000003210303010402020143042004200424100310041010030003100002122300001134344001322330000000200300402003010021402003300000030131001103112010410020030042002
1111141222222222222233333333344440240140100240140030033032030000002002041041030030020000300200200010101110041010000000043322211130014302400200142001300230024003103002214102030010041000400100210043310000210000004300004021024343010242022121002300000240013130
0123332333242301203020332140212211000001100002243000221000322100200011110303023020200303024130303000000000000001100000000000002030102001020203101030414002031022301004221000113340214200202033102010021031041142103204300410000031101200230124034003400400000020
3100013210044220004400030110000430302013030240303024202020301322200000000000010000000002323223224030204142030300100000102031412220000112440000000000001243400003322031142013000110300224412300100230134023000000120013012400400014010323000001010320000330000102
2321141403010110021302420213002200000000000000232432323000000020302032304200030213032400201034220000012344000000323400100112342022004404020000100320000320232302023012400000023022400030112000103100403002011200430103102433200230300004302024132000300312000022
2000020002324423002021210002222010202040102031402001014200111222434002101333420010112230010021200210300000210300300230302103200322301300012400400033202021224002110003000331000100443000221004002032210202220100222201022220000020002000422230022020202202032000
0000043310000002043221000040003200330320002003330330034003010404030400104031040210002040020300000340241301030131100003011010341200020004301140010002200040014401430400012012133400000012102430033211000000043221000032100000004430034104003210041041200200331041
1040320004040010004002010000201000010000400002030030201300443014023011030040012000440010000440230013124240000011020233330200000000004131000000000000000022210000034103200210030141034400100400030303032010210001040304002030210223211414030101100213024202130022
0011000100000400044003400140012343000000000201424200400000010132330000044340000140440000000440002000200100420333004202000310030220202032020304000400404000020202130300202003044230020000001404030440011001130004400040012000233000010202130300020000001010213232
0001410000002120000000212000444103200000000220021003000000310332400102030400203140010102030400100130140304401403014024010140200300034301234000200040002340022000040440000000001011032432430000103001004411200002230000334310010024021341043003223202230212030000
0200030000341030410001020403002220030400400100103433443102003040001103304410031001103300010030000310342130031020003100031000003100030333230000000040012111003020343432003000001003303000000000200032303001111000000033430032424000013000130002300024000240002400
0443230140030110033010003032002100403013020000000131202000040240301000100010032004000400343204234103001030010300204020400204102010010010000000000000003030000020003000021033001010342100320041103112010310200102430004242000000300000000000000232432323000000020
4300000000020142420040000001013214100300314000342004040400003430031343023304030300011013300220000301000401000402041033301003002004300330120202034013003043003402143010300040014204030134300420140300204002043023001333010300200121031032000000400430041022302100
0001100430303320003143023000032042101000004202000000303202300000000000303030000000000003030111113000002024240000102304000010133303303042000104000320322200110000000000240240010014004001301300302403224024222102330201002013034020010000103000302000241000130004
3000104010200013300022400002040101020304001023203340010230304004000042020000403201000040310000040200110002301140033011400330110310410300041040030410400302041030032132102000030203000040043033124000010012023003004001012002303404200004104200404200300400200310
1000021104322204430000000000000000024020401304023313000240200402210310043103200040042000000020020000002223300000044400000011000002414030202010000000040403020241030103002400001303024000021030211234000400000120002340112300004030203230420003021303240020103422
3300000443400001404400000004400003134302330403030001101330022000040310400104002040020400203002040000000003440233412230110000000020014003002004420103002400300300210100100000400400400200430430024044040000000010010120120234230302003014020040100301402003010030
0330002004000022032004000220441000132400000032300000032320000022030303020201010100303030202010102000402000012000420004410004120004011330002003034200032040113000400103030400200400203030400200100000313100004242000000031210010414430240022011020040023002000044
4110030000330000200002200011001110030202004010100302323040101003100021114330000000000002110322200300410300410300010300010300010300240020013001102000200130010132321100000004322100001240000000440010204010304012000102040103040002130000120000031400102304001324
0040001100321004000110432104300200301002000020040130204203002034343430303030400040404040404040003001040020010300204003101042020001000340124002300000034012340122000312000003232034244034043020000100121000003210303010402020143000000123440000003234001001123420
2000200100420333004202000310030203010004010004020410333010030020000000000344023341223011000000000203001010000404202030300100000003002101124004100333000313004000220002200003300023000034000330102300040244414341031303033000302000211043320004000010343320004000
0410300020411020010010320041030000130014130024013001300001400240110000000044332110000000443221101030103040024002030003001020000001200001324002130000433400203400002110430002104430000000321044301020340203002032020001200410034113032404240020002000000000000010
1414020200004042202003030131401040200200140333220403040020020113124001234012300023001200011000004000000131203000001023034000020400000000000400442042214211021000221000221103302403013220003320030020023003000200330030103103410420310200403034042031410200130004
0143010443010140010140020100020104010130340404222202000023014100001200030014004000240040013403400320430014400010320000302300324343330303000000000000011100100033030000241400000042440000334402004200420042410031004101003000310022004404020000100320000320232302
2020203202030400040040400002020204300330120202034013003043003402200140030020044201030024003003000300210112400410033300031300400000122334400000004000000000122330342312010000101000000004040342310000421000431000432000032100042130032002200010030043043004300322
0204103002020332040100204103001010101010131303000303041412141431301003010030140200301003014020041200233301400403200023003400400240001240040300320304240001241340010200102132021324303243040030101100000000443000000033221300414303040344100330022200011201420033
1223344400000000112233344001124023400123013400023412403043402300240131300242402303002414003020013014301430143010301030103010301030330320320210210100100000002021411033000330002200022030320000104231204000000034231201000030302043040001021320000000103040000001
0003300033011000200003000420011101202302303004000000003230202303034103010301040004000210044034300424200310103310300300424200310100431002100343100043132240004232000000000443313241000030300000440021223000011343440013223300000002301240000002302240003011200010
1303002020030442300200000014040314301030004001420403013430042014210100100000400400400200430430022200022000033000230000340003301034231201000010100000000404034231304000103020303001200003243240203311030303142323030300142022300440400000020220200404434040410100
4403030403044331034002240200340003000200404200310030440020300031043100302240000210000324030432041000000000000000444332210044331212232030023340000233443030334000230000001341200040002001402300314001212010303401010132000301030000101001130124003420104001420104
0030430000002003004203200400410004000022440300214303030002143003302020103030200040400100004302020000033323000000004001211100000140200400230100340200400230100340300341042000300010442302003010440213000012000003140010230400132402030400002030400002030400001030
0432221000110000000400044432143204033020030000221204031001000014003000021033000010044100320041100300100010340001340134003123300020200303000030310304121003010000000000000000030200030300000000000200300402003010021402003300000031004030020112004301031024332002
0440011001130004400040012000233003002040020430230013330103002001404404000000001001012012023423032300040244414341031303033000302000004210004310004320000321000421331103030314232303030014202230042002002001001001001001001001001000012234400000001123340000000112
0001300040330032200322100013000442010040412130340320100001420120014013003002000300300200140132000430000020031003004002103210300443000111104300022223030000334300102030304010000030304001012030100000442331100000300220110200014103210440240000020130140240040010
4040000010120333020034040000012300010000001000000120000042300101400200204410301300020400300020410120120130130130130130130230230200010000201000100131202423124344000200100310000020000020313031000020010240140100031400300300203000010020021032142243204304400000
1043204002200113100320400020430200400302202004003022020024330220111111112222223200000000000000002003004000223310300002030040002100300003002304120040120040200403300100121423402400040000303120113013100110311201041002003004200230300004302024132000300312000022
0001020213030002000000101021323221031032000000400430041022302100020030140200401003014020030100300021104332000400001034332000400030032002200010030043043004300322404000000202202004044340404101000001223440000000112334000000011240034003000300030003000200020002
0430230002004331120204000033041202023134040000020230400000101313030313042304230023003400310030030000200003000140101001023000303000224320400002203204000001332040110331003200400021003110430004302040403002020102303020101103433031124000200131222000202223300000
4302121310101012000004000034343031310000010110100034240400004311031004210003101000310003100000312100000031000310110043100100041310000040043003104103103200200000204000001334344210000303204203231020400103010310002030004204020430100010304033200400040004000403
1003010330103020030200403014030101014330020330220040230240334403100033041004432303040030110031010130041003440022000124301001000011100303334000242301040400003230000334330030002413003303411220001111141222222222222233333333344420000200023244230020212100022220
0001410000002120000000212000444100011004303033200031430230000320033000200400002203200400022044100410300020411020010010320041030002041030020203320401002041030010440303040304433103400224020034000001300040330032200322100013000404302300020043311202040000330412
0010024034110430230040000000020100010024001001300020120002002400300024001300013000240013000013004000024043010232000130330001340234000000043032324040030002130300430403243410204243430404243433103131020000003042421010010000012401130343131000401000004210020042
2001010000130341040010400004002200010004000430003200032200024000000444433322222221111000000002211140000230011040003300121000034000400302010302020120100300204421104032020404001000400201003020100040004100321044000110432134102004322210001100000004000444321432
0033000022020311000114400333302200301400230331000003301403313010102000310001040204001420131000013421342123102320220032100100010003210010030200432032003000004020302020003143040102243000101000004024014010024014003003303203000010202040102031402001014200111222
0320000000022002100300000031033242101000004202000000303202300000001324000000323000000323200000220013001413002401300130000140024010101010131303000303041412141431030002004042003100304400203000314201004041213034032010000142012002023134040000020230400000101313
0001002400100130002012000200240000000014333100200201201020134040000023333310010133041341010440424200004231000031100040200340333004004211330040010000100124433004002340040001000230024013400300302024212321002002302433210443034020101002201000022020110300204002
0024001300130004400130003000240000310413000020030031041300002001230000124000012400001340000234004103041030010300103001030010300000000011223340000000001122334400040400031310202220303033434040031111100003000301030003000300030433201304030201403020100403023040
0043210000043011030002321300034300002333033014034020020333033140100031000320034303043400011003413001300240020013001400240030002002004200310020042003100200310020001300310430023200134003114000240020020410410300300200003002002043400210133342001011223001002120
4001020304002031400101020304001000000030303000000000000303011111030303020201010100303030202010101100000000443321100000004432211030100301003014020030100301402004043100302240000210000324030432040140130030020003003002001401320003031304230423002300340031003003
3000240013000130002400130000130000002333331001013304134101044042000134000013340000234000000023400020300203001020410204100400204022334403030000020112233314223344404040303130000101010220303033000000000444422222111100000444403301000340301004000100440302004030
0033311303420000032111004400002003040010403104021000204002033030300300200200141130030030002401403434340000000000000000000000000030034102230030131041200200301043100412030203410040003000200413341120000334001110022330004400022030002333300030103000300002210030
0400203301022010020400204300102230203240120131004400100331300330430000000002010242004000000101322100030021200341041200301002003400103413230010101024001000103412044001100113000340004001200023100010101110041010000000043322211102103000002103003002303021032003
0130140304401403014024010140200330000020242400001023040000101333200040200001200042000441000412001030103040024002030003001020000012002333014004032000230034004002100000000000000044433221004433120430000020031003004002103210300400002000030001401010010230003030
4000024043010232000130330001340242000042310000311000402003403330002030020300102041020410040020400340040100120023004004001001200103001100100032222110433333220042001003200310431003200300430000302340432323331110030001030340432000003400202420133300224020012001
0141000002014032000041403020004010000302000304020341023044233013404040303030330303020202003030301003010301403010301003020030003300404013110003414310120404414010030103004000343330302013024110120030100203002300043043120100203402033020333230201201001001303014
0030140320030140200300140301301020011033000014013002420043303000003400030000200240240340300000021300000230010024010033300000401240330323012011000000040034033002043034301400140004320002200220023001430240020014200130023002400322301300012400400033202021224002
0003430123400020004000234002200003303042000104000320322200110000040113300020030342000320401130000120000132400213000043340020340040001240040300320304240001241340122320300233400002334430303340004300011110430002222303000033430000224320400002203204000001332040
3400000004303232404003000213030004004211330040010000100124433004223344030300000201122333142233440300110010003222211043333322004203304123330432442033144203304324000000000000000000043030303030304133113110010000000040040044234103030244002222320000000004424012
0000001000400211004002114040013300242001001414014000130130000230020010410004103000020020024104300404101000330000401120034300003002114403000022004001003304400320000040000240142300300001300302301041003204104120020410302032012001103022200333100433000044000031
0000000211330440000021433030002000000240130240130240130240130220410304103000400304003410103103200443000332000221000221000100042001102143044000000021020420040020240024134002013001002000000300201030022141020300100410004001002111000300033100010044300022100400
0404400000000010110324324300001000000024024001001400400130130030400103030400200400203030400200100021104300021044300000003210443001020010213202132430324304003010230000001341200040002001402300311020303040100000303040010120301011033100320040002100311043000430
4304032434102042434304042434331000234004000100023002401340030030404040303130000101010220303033000010032003104310032003004300003000000000000000000004303030303030124032100234000400040004303000233333232322222220131313131303322030000001000000100000010000000300
2002320114023202320114023202430000430140040004000400100010031301043000200043204300020004320433002303043400100132130001001400330030004000031002320233024402041200210401004011401102140140210313020423004232042000443002230202320010040020230034024012003003431301
1000043200431200120001300242120344003023023001021403001201430200004111004300022222004310004302002030014030030012020040020023124030200423100003000242330032210200240120042120320101200401002102010043310000210000004300004021024320322102022201002222010222200000
3001004411200002230000334310010024032240242221023302010020130340000031310000424200000003121001041020340203002032020001200410034111000000004430000000332213004143400121201030340101013200030103000000442331100000300220110200014120404030020201023030201011034330
3131020000003042421010010000012420242123210020023024332104430340000000044442222211110000044440332340432323331110030001030340432041331131100100000000400400442341333323232222222013131313130332200000000000040040040440432432422401000201300001300041301040301040
0203423212000242221100030200030022303220303114304043303110103013030003332300000000400121110000033003302034103310213340123000300043034132023222021002010401030002223014303020312030243040303420233232333030304040404040404040400020302002103300201004410032004110
1323033100030104010211221232003120342000000020224024034030000002030132330000022233200000111220000100200330004212000031010004200001032340020400230012320300022001240321001022011030100401004020104301024202212100230000024001313020002000422230022020202202032000
2402134104300322320223021203000020010000103000302000241000130004144302400220110200400230020000441303240424002000200000000000001003040344100330022200011201420033001010011301240034201040014201040321044024000002013014024004001031124000200131222000202223300000
0113034313100040100000421002004220101002201000022020110300204002010003403010040001004403020040300000340020242013330022402001200103030244002222320000000004424012300000010000001000000100000003000100020130000130004130104030104003302300120010000440340022012001