4310000322004320000032100043000030303001000103030300100010302030134013420330002202220221021042130000032304113003201233311330000403103002020420310300002042040020003302130303132113100343103323040042014044044004004404400400400431232302013002201124402220312330
2000004020040200200402014024020020342341022003042034430303331223003100030242100410043100300032000101434040201310140104020334010040032140001130001220000124000114330003022303042100022210042010002020320200010203040000001230304003231140044001340320032103300003
0002010122111000004042221200000403203301000420430202103041321030002101420300200240140040100030020022004444410200024444440033004431030004043002004104100302310300202303402314020320040304434302211023244200000102234400000201123300110302130210012004340021333220
0101410240302010141004020202014100232040030344232100232124032142431303032303023303033403004203003000430143040000020313132320203002400242013001300130001302024002002003032221100000003222113000000310200302001040030402324403003000340440030040034024013012002002
3030300100010303030010001030203003103000220400340320002042340023310300020430020041042002003103130034000300421034100431003000123033002002400004240000221004421003000002042211103000404222103030040000004414440000004444440000004210232443000001320324303030311233
0200421000004100033202032102012202400240030021002100203320224022003401400000300340240130120020001402014000040100201403004010023100010100423030231010040303020104302040011101013333303040000030200303230300002341330440204103302334044002003033134004404200000330
0041000002421334200030002000320333100003310003300000111000130030020004423021130000443232110000020044004420440044004100142044204410232443020003443130400000102232000122402013400001200301232001030200124303300424013100230013401100200240330030020024013003302032
1403010322140040201202001020020402004000102030100010030303310130333043030201000001041213231030430410200122002030030400300102100020011301042003303002204200310303003200021002100320002100210032303213004322030223030430130340030003303423220140303024231240303003
1340134203300022022202210210421331030002043002004104200200310313400023410113300113210102200101130300300102042040020010304104103010232441000001022344000000011033303040024101021200011010202020304040404044040404040404040404404022111200403030301011040313020101
0000044423110000000442311000000034120140321401402100030140140200331000031100033000003110003300000034014014002003001401400200300100320003000210032000200421004400020012400130012401340023001340132004010304300210300010030131011020102240000334010230000024400112
0410200102002030030400300104102021323040010001023440400000011233202040010001030304040410202020302410414140040400404040040404404002010100403020100404030303020101201000442311000000403022100000042003010030140200301002003014020112200043110043300004320000331000
0024020114002002002001300200330220010043000210141004300024004100130002000130013400200013002340030114104204300310410420430031032040011240000344001124000134400112231000010200401102001020310310201113334000000111233400000002123433303001000103020300141020302040
0000032304113003201233311330000400340003004210341004310030001230030030010204204002001030410410300401410040302010141004020202014400341140230030011024213032004000300112400013440002300000230001122000444020044441204414002044110033100004110003401010412010430020
0004202100220410030242002222240040203001000102030404040020303000140301002014024040102200102022041240034021400120003400140012004331223440000001040240100020013231000004434221100000444332100000300341004410420004101431143010430034001010030040400200002001031000
2101102100400010001121000404234000240200340020020020113002103002100123410013441012342001034022222400404024040440104014040000404433102014402014302121311222444100310410412420031011041043003103403030300200010312030014104030414010020000000402400014230130100231
1340322122102130000020431010211330122300200000014230200000011203300000442321001001404331100021040042004320021003400041000100413001104010232030412324404021240030020101104020203030201312121102310334010200043300402404431003330140040200004310000224000133400111
0310300202042031030000204204002033002002400004240000221004421003102324410000010223440000000110330034114023003001102421303200400032214002440101030100031023203340004100020042100420003000200032000044004403440344034403440344034422102240013011311342103310230023
0402400040203310031001030101040020034031042001301033032033143330000004432221130003444132130003004000124000134302032400003403012320030101301402013011020130100202041010313133202330304010323240103200004313000231030424000432130014213441000213123232430303101223
0021020101003303401000400200330130301033303300320330444000130020004200441342130313002300210044000044004203441042000440044002400402020301004004240424001400134313020130301310204304300331313432412103104302300100440013420021022000000043302010030004412211030010
4003220103133300002403013340041324023030133402432010010130220201040020420100133101001320420313304210004314030220030234130233100001143300030004113044430000112233000032304331203230403220423023312030404203020102020014211030333003300043000320031004310031003100
0033021303031321131003431033230400000204221110300040422210303004303040024101021200011010202020303001124000134400023000002300011200410002004210042000300020003200220200020231344022323032220433321004004044044041040040440441410134202201222040300304003001041040
0240004231300022002400130000400232100242110043210004221004331000010143023020301000140403020202403113214000000011324400000011221311041344043003134104204300340320302404000300333320403220323030312310044322111300300022211000300410204010210133032320044040203030
1000220000034232422000013303011330020243000210032220212001004100140303002014040222200201302002020010020444444000000024444420003004103340020023200202003001010030320000000240022401240314004300334210034311004224020431100433100032000240303030101014040302310221
1122220000000314303400000010122400030241042002003104104200110400332000400301330200220433110000023000041403214000300013310103003023203341410203330400001010000030300123100022300011200002240001440031030400412303100333022003340044020210200301403020030140200404
0042014044044004004404400400400400000044144400000044444400000042404040404404040404040404040440402000444020044441204414002044110000440044034403440344034403440344100400404404404104004044044141014444444442444244030003000300030004004040440404044040400404044040
4142044400044000440004440044400044403424001411004031404100400044040040400104044040400404004040444444444444444044444444400001000040040440410400404104024041044240004430240140004400344004400040040004444000444400044400004140000440414144000404040000014141414040
0002000444444000000044444140000000403430400410400220040040004044440440040344034002404200400443444444400001044440000004444441000004010404040404004040404042404040444430304044200144240301404000244400440044044004400440044204400404404404414004014004014044004044
0002000000004444444444440000000040403434000010111004202403111010000444004440004440044400014400040044410440014001004100400144400440410404404044040440404401044040000131300000200000300000000000000440400404404004044042040100404442004100044004400440044400440044
3123230201300220112440222031233010232443000001320324303030311233221112004030303010110403130201013310000411000340101041201043002022102240013011311342103310230023342022012220403003040030010410400400404044040404404040040404404023040100301402003020020030140201
0041024300021002130233032003410010011240000344001124000134400112303032010001030203001410203020400000004423111000000433221100003400301400140100004312043301033002210310420430041001102002103104202334330000000122024020000012423402001040202000212404140202120240
1011104311004002000214130231400013003300313031240030102400324002221140420200114003000030220340204410240024042004200400044014400443041040301302211100020423123202004100023043400440002200311041002302330000123000123000010340312420303040310232023404401020403040
2311100323210100002423024003300000300140040110022020313004103401330420010430031133011144013134101123344430003122123420003013223321000140402030404444343333320141321000021100042200002110044211003302244001430234002000240013401303103001020420400204204001031030
2000004020040200200402014024020002004210000041000332020321020122000004442311000000044231100000000004202100220410030242002222240004024000402033100310010301010400024000423130002200240013000040024142044400044000440004440044400000410243000210021302330320034100
2020430000010303040000202030304000300100030020024024024003002001001223000000000122300000000112234012004210000420000032100430100004003041020010420300103102041021210430003004022000403331100202010001120000024200003403023300041200000202321020000303412414030000
2000004104200000310413420031022003033043402030031040333332300140030012000230043004200323001343124242040204000043400404040043404000440003000313041300200021003400222210430202033133340443031340100030014024013302432004300400320113103343000011242334030000001243
4212000220000131030020000033130001021000030420340200134002023000200200403003000033140100301012014202104300104203103303003200001300020444321110000044343113100000210440010020024021304022302002100200000040202010241401040001010002000200013011200020001300130002
2034234102200304203443030333122302400240030021002100203320224022341201403214014021000301401402004020300100010203040404002030300020034031042001301033032033143330321002421100432100042210043310004440342400141100403140410040004410011240000344001124000134400112
0030010003002002402402400300200123204100304030404430333332310200201020100400104103042020010400300041004300042023402041240120310002000414231210000044423111000004311213140000011132444000001122330040320004420120012000130022001240030100201301033024320040040232
2220104144040303340000101020203001140001043002104104404300010440300030322302442200043110043310004004341440404404044020440434402042000240032444030432300223000114303432002301200200100440043034320300214043223010141404030302014133100011030410300304203001341000
0242300303001004100020003100311030003404321110000044343111400030321313440302012020330303041112443240430001400124013400240011404314033100200302002014030130141402202030010201020204001410102040212200304100300313340213401344022032000042100043220000421000432103
0031000302421004100431003000320000340140000030034024013012002000331000031100033000003110003300001403010020140240401022001020220400000443222113000344413213000300010143023020301000140403020202400400404001040440404004040040404430303201000103020300141020302040
0012230000000001223000000001122320102010040010410304202001040030400122000013300002240001334001132004104100300310310020420030042013001300013001200031002000234003003230430003100310043100313031000034014004012003402401401400200243000002110003320000310000322000
1404004020030140302003014220040100003003232100000044432220300000020141403020302024140302040101004400440004401440044004440044004430324001020203030400102022304041111214440000011133340000003222040310300102042040020420400303103000002340001200001224000133400014
3101100200300310420020031041042002003200013001402040203300132022003200430043230323043304410044100030020014003002001402301301300232020042100043220000421002432100200232002014010040100200404014010000044423120000000440312210000000040040303030201004140402020101
0101434040201310140104020334010014020140000401002014030040100231003401401400200300140140020030011240034021400120003400140012004340001240001343020324000034030123311321400000001132440000001122134444444444444044444444400001000000000044231110000004332211000034
4012004210000420000032100430100000410043000420234020412401203100200410410030031031002042003004200400304104002031020010304104003310204041020202030300042010302043310130004030202014000402030101311002014022130240302003004010030400302140030130024014024002002032
1200034004300134003400140014401040003240001234000124000123000104011324400200002132440000001122411444444400000004444444400000003400000043342100000004442211000003431000432100443200044210043321300041004212432004100421044200410320040002042002004100204210300440
0400300100041040020010411104102330204001410103020300142010303010310101003230301010100303030201044002311000040100401003004020043200300200130020024020024013002000120012000140013001200114001400330304210300234303104303042103032301133304000331420414303030420332
4003214000113000122000012400011400010100423030231010040303020104003200030002100320002004210044003122344000000104024010002001323120030101301402013011020130100202110413440430031341042043003403204004044041040040410402404104424000301400140100004312043301033002
0400304102001042030010310204102102000414231210000044423111000004130013000130012000310020002340031020404102020203030004201030204333100000110003320001221104441001000123000012340012300001234001240200014040203010200403030402014103341300200320042302340330034100
1120344400000122323440000212223320020113300302032024030030020401210410010430030032042002023104100000144204101042444100004442400000210200140020034020014010013402040020240204203403001034043110000000044333221000000043211310000013401303110011330020041400110012
2022304001010203030410101020303143100011210043402024043000303020000013000023440010340311230003240201044340304023221211010003010000430043104210042004310033004300114223200000011124404000003130431003024020040240301000013220040244012002143314103100200210400321
3300030223030421000222100420100030204001110101333330304000003020020012400130012401340023001340130000044342211000004443321000003004101031313320233030401032324010302404000300333320403220323030310044302401400044003440044000400421031042043004100110200210310420
2104300030040220004033311002020131121314000001113244400000112233003230430003100310043100313031003101300040302020140004020301013100012300001234001230000123400124411003042100432100042100002320002320234121020202001000313131300013403340013001230030302400044042
0300320003111000000043412110001403100001020420000204004001331010033434314400301300100201001224112044004004400400040024004430403423044342343002034002101310400430200302003014010030240001400014321423120030000032440010000112230400320042100210141010310442303140
0001334110302030200414042212011140002200001330101104001224300013201033030130423013134013133220100030200121010314032000202023302013404340023002340124012300230012000000042211100000404431100000300213130203032004111333041112133000300140130140024014024013002001
2020320200010203040000001230304003032303000023413304402041033023200401030430021030001003013101100341004410420004101431143010430032000043130002310304240004321300231004432211130030002221100030040004444000444400044400004140000423343300000001220240200000124234
0001120000024200003403023300041200403200044201200120001300220012003401400401200340240140140020021002014022130240302003004010030402000140402030102004030304020141232023412102020200100031313130000410300202041030010023400303032031041002003002003104104200410420
0331030000432003100033043300340043003042010000110034124030221100000100443222010003404131120003000404404040404004040400404040440404132202000000213140400002021134000142003013303032100342043000040201020001400344043404230123031200340100230031024010023004012003
1403014030140300331400004020120221104010304041303020241400120100303130410201030402040320212033410310200202002131020020310203102033041304002003003104100210310320001330024003103441341030213033004210000311004022000030100042200003000444222410000004442320100000
0323114004400134032003210330000334044002003033134004404200000330201022400003340102300000244001123400101003004040020000200103100014213441000213123232430303101223102040102101330323200440402030304041414400040404000001414141404002001040202000212404140202120240
0000020232102000030341241403000040030100201301033024320040040232430000021100033200003100003220000030214003013002401402400200203203341300200320042302340330034100134033400130012300303024000440423104100200300200310410420041042043102341032243001130000133400021
0400320203042031320013400202103330222304300030112334400000012324203032000201030303000420303030330400200434042040040400404404042004004001433033101400440403043103300034141212400030404322210000302402044020040240402402001010040012003012400034210000420000432030
0020044014003003003402101301300330413012400200032004310032003330304012410030004400300014001330000003001234203410210440031030034000011340002244001230300233300032031020020200104003041040030300100310234403030422323203030304314030203000020202013430300030002003
0002010122111000004042221200000400410000024213342000300020003203041020010200203003040030010410202101102100400010001121000404234000210201010033034010004002003301100022000003423242200001330301130002000444444000000044444140000010111043110040020002141302314000
2000004104200000310413420031022022201041440403033400001010202030140400402003014030200301422004011200034004300134003400140014401011203444000001223234400002122233030032000311100000004341211000140331030000432003100033043300340004003202030420313200134002021033
0200440033303013200404030202010100300200140020020014023013013002400112000023300001400012230000240041000240044000440044000443044043020041100044310004410000431000200100443030033342041301031404302030404141010404031000102020304020000143201401403020010030331401
1200034001400230012000230014000220142312002021322334030003203340000000433221110000044123120003000044030110042002210334034000031003123004020420310300103103000020020331002040204010040404033302020024010023013103002403400401200243001300001034031240000120000223
0320330100042043020210304132103033100003310003300000111000130030213230400100010234404000000112330024020034002002002011300210300230301033303300320330444000130020300202430002100322202120010041000040343040041040022004004000404413003300313031240030102400324002
0303304340203003104033333230014001140001043002104104404300010440000030032321000000444322203000004000324000123400012400012300010420020113300302032024030030020401031000010204200002040040013310104300304201000011003412403022110030222304300030112334400000012324
0030020014002002001402301301300220403220010102030304131010033034004232234042203310002000010042032000000004444444440030000034442411414201344000140123002400213000010141403030302023000204023201313103420234200440310020023040032300000004332100000000442210300030
4000004030223030110000313400003310020100200301003010020040000331310110033030032000032343000040332310300201002321130412000000103010130444000001123344300000413333002001001401401300240130030030333330204044000102030203233333334000320042000410042434013031303303
0021014203002002401400401000300202000442302113000044323211000002202040010001030304040410202020301001234100134410123420010340222200420044134213031300230021004400140303002014040222200201302002024404400403440340024042004004434422114042020011400300003022034020
0300120002300430042003230013431230003032230244220004311004331000020141403020302024140302040101000113244002000021324400000011224121041001043003003204200202310410033434314400301300100201001224110001004432220100034041311200030020303200020103030300042030303033
4001120000233000014000122300002400423223404220331000200001004203140302402014014040240201421014014444000004444000004444000044444003022040030020400204104100041020024032203130021400240324000400334310000321000032100042000232100002010100302021102010140302020201
1120234200000013204000000012334401031002044020203120002202412430002402001301310300140030140023030000004333111200000444222100000030224044410202030414101032204001000242303012443002440002343002330032004210041103200423004300030022020240200101034310030140301301
0022004444410200024444440033004400440044204400440041001420442044241041414004040040404004040440402400404024040440104014040000404400440042034410420004400440024004001002044444400000002444442000304444400001044440000004444441000044102400240420042004000440144004
4242040204000043400404040043404040043414404044040440204404344020440044000440144004400444004400441444444400000004444444400000003400001442041010424441000044424000204400400440040004002400443040340404404040404004040400404040440404002004340420400404004044040420
0041000240044000440044000443044020000000044444444400300000344424444400000444400000444400004444404100400440041044004404400440440340414200020402004340404044023402400404404044040040440400404404344100044004440044000440041400440344444444444000000000004444444424
0200444400004444000044142000444400400440040044044004404400400420340002414340434043440404040434033440201434402004344024040040443402444004440044400444304440344003000000000000004444444444444400304444030042430302424003024203034444044004004404400403243440343042
3103000404300200410410030231030010232443020003443130400000102232020101004030201004040303030201013310201440201430212131122244410002020301004004240424001400134313041033400200232002020030010100300401040404040400404040404240404043041040301302211100020423123202
0044000300031304130020002100340042000240032444030432300223000114303240010202030304001020223040410000004334210000000444221100000300210200140020034020014010013402230443423430020340021013104004300413220200000021314040000202113404004001433033101400440403043103
4302004110004431000441000043100011414201344000140123002400213000030220400300204002041041000410204041420002040200434040404402340214030040231401444014330130201201003100020004100410003000420043000001134000224100024400122400033330324004020203040410102020233042
0002004222211100000434222010030020320123132100230004024001034024310410410030040042002002104202101024310200001024314200030321324102044043304030131313140304030201321130024100441100042330302221000300134001400330002000340214002402103002041320430002103204011041
2023034023140203200403044343022100012240201340000120030123200103201000442311000000403022100000043104104124200310110410430031034002013030131020430430033131343241320000000240022401240314004300334444303040442001442403014040002400410002304340044000220031104100
2222104302020331333404430313401030343200230120020010044004303432111214440000011133340000003222044310004321004432000442100433213004002024020420340300103404311000200302003014010030240001400014320001420030133030321003420430000430003414121240003040432221000030
2001004430300333420413010314043001014140303030202300020402320131024032203130021400240324000400334004044040440400404404004044043400310002000410041000300042004300330033324402003332340300001340130024310044013042002000303300300141231410300041221440000001423320
4210304300000402000440300043200033001001340440413200203103342010420334411333303013040104433033003001430030231000424403023403020400003004432211000000443322300003210320010421040041043003003200002004432013030303333301020100000213401340024002400134031000043024
1023244200000102234400000201123302001243033004240131002300134011200301003014020030100200301402013030300200010312030014104030414021031043023001004400134200210220421003431100422402043110043310004400440044044004400440044204400423023300001230001230000103403124
0030014024013302432004300400320103002140432230101414040303020141031030010204204002042040030310300041004212432004100421044200410300000443332210000000432113100000142312003000003244001000011223040201020001400344043404230123031224020440200402404024020010100400
2030404141010404031000102020304031034202342004403100200230400323431000032100003210004200023210004100044004440044000440041400440300011340002241000244001224000333002431004401304200200030330030010201410030402020100013040002020103002041030410300204204103002030
0034004000041001230123003100030020000423433231100024430314102020011323040000112124300000011131441340134002300230002000200014002414040143301402003014030202300301202120012101033403043020301030013104200204300010420030030242002031100044110304200303311000441100
0011030213021001200434002133322000200240330030020024013003302032122000431100433000043200003310001002000000040240001423013010023100000043302010030004412211030010320002403030301010140403023102210440440441400401400401404400404420303040310232023404401020403040
1310334300001124233403000000124333100011030410300304203001341000000023400012000012240001334000142004000204200200410020421030044013401303110011330020041400110012003200421002101410103104423031400034010023003102401002300401200312003012400034210000420000432030
2000014320140140302001003033140100000004332100000000442210300030020101003020211020101403020202014444444444400000000000444444442430324004020203040410102020233042412314103000412214400000014233200300204103041030020420410300203000012300001244000234001230000231
2003104200310400310420033042041013001240013002400024013000130043333103040343130433042400410022133030310004001013302432002300404332100043110003221004332000242103200202002004010040240302402013312303124440141403030242331414030002010140304020301014200103333102
0101410240302010141004020202014114030103221400402012020010200204002402011400200200200130020033021340322122102130000020431010211340032201031333000024030133400413112222000000031430340000001012240002000000004444444444440000000023111003232101000024230240033000
4212000220000131030020000033130002423003030010041000200031003110310110020030031042002003104104200400300100041040020010411104102320223040010102030304101010203031000133411030203020041404221201111403014030140300331400004020120200200440140030030034021013013003
1200034001400230012000230014000240000040302230301100003134000033112023420000001320400000001233440200444400004444000044142000444400020042222111000004342220100300421030430000040200044030004320000034004000041001230123003100030020031042003104003104200330420410
0101300403111241030220332200104020203000010102030400001020204000020141003040212010101404020200012000000330140201402003020020000300320103130130130034020014003012123142003140012000343034000000234001120001223100034400014000122314233400000311232344000000132330
0023204003034423210023212403214202004000102030100010030303310130200100430002101410043000240041003012230020000001423020000001120324023030133402432010010130220201000302410420020031041042001104004040343400001011100420240311101000300140040110022020313004103401
0102100003042034020013400202300030003404321110000044343111400030020032000130014020402033001320223020400141010302030014201030301043100011210043402024043000303020400022000013301011040012243000132110401030404130302024140012010030413012400200032004310032003330
2014231200202132233403000320334010020100200301003010020040000331010310020440202031200022024124300040044004004404400440440040042020320123132100230004024001034024330010013404404132002031033420102000042343323110002443031410202013001240013002400024013000130043
2020300001010203040000102020400043400034210004023020134002044120030021110413331020440311200032223101211020300020001034030403010120410013302330033020422044300213111224040000001333440000012123404300001003212103433221240220140220031001002003000100400300213020
4313030323030233030334030042030033304303020100000104121323103043130002000130013400200013002340033000004423210010014043311000210404002042010013310100132042031330332000400301330200220433110000020004440044400044400444000144000433042001043003113301114401313410
2002004030030000331401003010120132131344030201202033030304111244003200430043230323043304410044103101010032303010101003030302010400001300002344001034031123000324201033030130423013134013133220103031304102010304020403202120334130401241003000440030001400133000
0000004332211100000441231200030031011003303003200003234300004033002402001301310300140030140023033400024143404340434404040404340331041041003004004200200210420210420334411333303013040104433033000113230400001121243000000111314433310304034313043304240041002213
0201410030402120101014040202000103002111041333102044031120003222412000431100032100004310004424002030304101020203000420102040310003421003114002330423033203230014300130042241303030342312024100000400300104102140030010410200104103340240140440100333004312004012
3000430143040000020313132320203004102001220020300304003001021000011410420430031041042043003103200042004320021003400041000100413042100043140302200302341302331000300004140321400030001331010300300044410440014001004100400144400411233444300031221234200030132233
4202104300104203103303003200001332404300014001240134002400114043003002001400300200140230130130024002311000040100401003004020043202010443403040232212110100030100003020012101031403200020202330200310200202002131020020310203102000030012342034102104400310300340
0044030110042002210334034000031023103002010023211304120000001030000000433311120000044422210000003440201434402004344024040040443410243102000010243142000303213241300143003023100042440302340302041340134002300230002000200014002430303100040010133024320023004043
2000000330140201402003020020000331012110203000200010340304030101203030410102020300042010204031000210334301103330000013400304204421041042043003100104300400320023003100020004100330042200011002403023030314030224130340240004240000000043332200000004144331043003
0240024201300130013000130202400220011301042003303002204200310303400112400003440011240001344001120110401023203041232440402124003001143300030004113044430000112233232033414102033304000010100000304041040440404404044040440104404021000140402030404444343333320141
0002044432111000004434311310000014033100200302002014030130141402320200421000432200004210024321000030020013002002402002401300200000430043104210042004310033004300134043400230023401240123002300123304130400200300310410021031032000011340002244001230300233300032
0312300402042031030010310300002010130444000001123344300000413333302240444102020304141010322040010244400444004440044430444034400302044043304030131313140304030201000030044322110000004433223000031404014330140200301403020230030132100043110003221004332000242103
0032010313013013003402001400301220410013302330033020422044300213034210031140023304230332032300142104104204300310010430040032002340002040012240000344000230001120031020010410303003002031020010410013334400000123230000001112240423203001020002020313131323430141
0020030322211000000032221130000000320002100210032000210021003230231000010200401102001020310310200201011040202030302013121211023100003230433120323040322042302331300123100022300011200002240001440001313000002000003000000000000032100002110004220000211004421100
2104400100200240213040223020021020203001020102020400141010204021200232002014010040100200404014011200120001400130012001140014003311422320000001112440400000313043000000042211100000404431100000300013300240031034413410302130330003102002020010400304104003030010
0203310020402040100404040333020200200100140140130024013003003033000242303012443002440002343002330000000000000044444444444444003032113002410044110004233030222100210320010421040041043003003200002021200121010334030430203010300120020200200401004024030240201331
1231420031400120003430340000002311122404000000133344000001212340300130042241303030342312024100000031000200041003300422000110024003102001041030300300203102001041020231012040003020201003030202040323340012034301033300032404401300011400011330002330001130001433
0310200302001040030402324403003032130043220302230304301303400300111333400000011123340000000212340334010200043300402404431003330120304042030201020200142110303330003103040041230310033302200334000440400404404004044042040100404433022440014302340020002400134013
0200000040202010241401040001010022003041003003133402134013440220000004442312000000044031221000000304210300234303104303042103032310030240200402403010000132200402021313020303200411133304111213304210000311004022000030100042200003102344030304223232030303043140
0024010023013103002403400401200233302040440001020302032333333340003200421004110320042300430003004444030042430302424003024203034403001340014003300020003402140024200443201303030333330102010000023104200204300010420030030242002023031244401414030302423314140300
4001120001223100034400014000122343000010032121034332212402201402040030010410214003001041020010413023030314030224130340240004240000133344000001232300000011122404032334001203430103330003240440133030304102020304040420202040014100410043000320002004420032104310
0034044003004003402401301200200203303423220140303024231240303003333030010001030203001410203020404004020000431000022400013340011103300043000320031004310031003100440202102003014030200301402004044200410004400440044004440044004403103001020420400204204001031030
0200020001301120002000130013000232000042100043220000421000432103000400403030302010041404020201010113330400033142041430303042033244012002143314103100200210400321003001401301400240140240130020010300044422241000000444232010000030203000020202013430300030002003
4300130000103403124000012000022300320042000410042434013031303303220202402001010343100301403013014404400400440440040324344034304202103002041320430002103204011041134013400240024001340310000430243110004411030420030331100044110002010140304020301014200103333102
1423340000031123234400000013233020031001002003000100400300213020033402401404401003330043120040120000004333220000000414433104300323203001020002020313131323430141000114000113300023300011300014330041004300032000200442003210431023010440231211033312140200231303