0220033003400440000000000000000120044000001002200400001100330040200000100340010034000012004000000400100401004001004001040110040004012001000013000200023000040034300000130000003000000240000024013010010000000003033023010000000000041301000301004303030341432303
0000000000000000030103130000020330310000000000302020202010000000414000000000041414000000000102020000000300002020242020102424043000041000000220300010304010204000421030010040000000000100210200314200030003123010400042000200000000010030004000000200422000000002
0030000402120040010004201000020004402033304400021100000022102000000400300202100000000044043032020000000310000000000000000200000000000020020230440000001011022030000122333000012240000000234020000110340012014002204010330001034201240013300000000040003421432012
0000000401021200120012020300030000010001000401200242130134024003034100040002200001300404000010000300400300140200000020130200000000000202000040000230220204100003000404032024000020200030300000300400300000030300000030410000031410004103302001020020002203003040
2004400000100220040000110033004004012001000013000000023000040034000413010000030240000000414020004140000000000414140000000001020242103003004000000000010021020031003000040210004001300420100002000000000000000000000000000000000001103403120440022040103300010340
0000000100030120014013003402400300000202000040000030200004100003100041000040010000203002030030400000000430003200421043200021000001000004040303131000004030300100233400001012300000000000000000002001040020001000020040400040010000240002000030030000240000003000
0041000200041000100030004100030040040100100200200300400400001002000003044321000000000432210000000000000000000000000000000000100000000001123400423400000000000000020014003003000400400302001001041300020300024040003000002000101310000003002000000420020004204100
0040210030003000402000200330000000101000443000001010000430000221304000000102304000000102304000003401200120010000000000000000004000200000403000030101001400003020000202030000101030000101020000004300300400400000000000100204200304021000330000000200043001000030
2000001003400100340000120040000000041301000003024000000041402000000410000000203000103040102040000440001000440002110000002110000001103400120440022240103300010340030040030314021010103210040000001001000000032032021000000032032001000304340101434333302010130403
0000100301124001210100030400030330002304100200213010023142330041400401001002002003004004000010020004443122224211100001010044333200204020400404000400104001000103130002010002404000300000201010130030013402210420030000030001330202022023110100000100000000000000
3401210423010000000000030301004340012023103040310030111111302000001041130100030003100013020004030000000310000000000012020300101000301303004010000101200304010000000002000201000001020000000000001040310203004000011000310402134020003000314100303132301121024300
0412000104000200010000024010432301010400420010003123404103330400442100310304010003000000130004130000102303040010100010220304400002400000001301300201001440040000000030343003103000400033344000310000402004030100400100402010030100000003312233203030000030300112
0400100401004001004001040110040041400000000004141400000000010202044000100044000211000000211000000000000401001200120022101300030010004100002001020020300203003040000011114110000000300000004400440010010010012023004004004004010040040103400200200300400400001002
0000041403333344000000012223333310010100300303000100001003020030004021003020300040200020033000000040001233000000000002244001100040010020303040130002303232000000040210003300000002000430010000300100002240001001300002421200003414202030400030102030410203000000
0111000000400032300100000043000204120003010002000300000240104020400023400020000300010300014200200000000000002000101000001121200000023004000030040000300412003004100200400002042100300411002040300001000001223340000001300000011240002004100420220200410120002014
0021004020043010040110020100020010133000233021230011200011000021101004002030000041420200000304100100044032010000302100000030020000003001300100000402340200000000420300103000000000000010204202040000440033000330022003110210000002000402300000402000402401000402
0401200100001300020002300004003442103003004000000000010021020031011034001204400222401033000103401000410000200102002030020300304023340000101230000200000000000000004100020004100010003000410003000000000000030000000100000000130013000203300240410131010020001013
0010100344300000131100043000001100200000403000000303021400003020040210003300000002000430010000300040243200032024221040232322024010403104000240000310003104021040300100000000020023012000000000000000000400020040043003204200210400220001000400040000030001030001
0020010010020200100102002001021020202001332233400101010000002112004200031001103000410002001002200000001113000100111312020202302000130300000402000001010040010240210000010240003321021100000004433030000001323020000000302010000000320000440310000022000041031304
0200040230020040200040240100040201030100001340210002000110003310000000000002000000100010001000104210000000022003100210030000012000030011030010200203000103000020003003300002001021202403430103303344000112344000112244000112234041000003100000410200030420000002
3000001300000030000002400000240100300004021000400130042010000200030040030314021010103210040000000000111141100000003000000044004400410002000410001000300041000300000102303303012324232400020300101001033040032022220340002000140134312001000100000000000000000040
0004034000300110410000020321100002310300000030240201000001402000011100003010004003043030032300020040433100004041010000404131000000001020030400131003102001044000002001001000020010010230003100103410022012441000110204000101022400000320040130001020243220120010
0010122040001111030110110131040201000420123100103141200020000210031302000000000204023434131313040000033001403120112222200320331000303240003010021232031400000433242004000000024400423200302000104210000000342303103210000000010000000000200000021040400100300030
0100402000040002021003004020033400401200313110101033000000200400000400002423030130120203222003320004030010314112103000000000203020000010120040000013000000023030420030400000002042334010343000000004010400000121010131033033300310040010002000402040300040200030
3010010000000003033023010000000000000000000000000000000000000000100100000003203202100000003203200010010010012023004004004004010000000000000300000001000000001300100103304003202222034000200014010000030000040323020022014423100000000000000000000000100001001010
0001040000022042000303103000103100000000000001001001001001002002000000000000030313130303142423000031334020002003030301230302002200220200200200330103330103032303000000300130013040404032320230000032022040003300133303230014330330230230203330003030303030203033
0000020001100413012300233100330030200220003310301023331333334130301400000010043322004303130440240000130031333030330202132314443020000421000034030340004000034211300400203031303003320130003000300000000011020323210143400402030110000010003312303333000000200040
0004024030100303331200000003034000000041014332001333004000303030003000200020001203010302030101010024003000423240034430203013332000001111122023333444400003030000003134000030303031042030301304110020000130020003032313044302010200000100120230330040101000100120
0004130100030100430303034143230301103403120440022040103300010340010003043401014343333020101304034004010340020020030040040000100213000203300240410131010020001013343120010001000000000000000000400000000000000000000010000100101013433104000040000310003104021040
0134300010341000000140400333040002400000001301300001001240040000000000003122334020000000000001123412210043221000432210043221000404004004103133002000000400400410101000000130302000000030204000000042400003400230001200000230010002301000000000031300001010000000
4240000000242001400212000000032030331003000300030303000200020002043030010002001000400204020102243030100011020020230340400404000001340010400100001004310040100401300010000000000020201010000102020320000341000301000401302400002433040001020440000240000100304000
4010200004030201000040201000302010000014300200200024004000200200401000003002443000001003022040003130000234010000021401000002440120011011000000000000000430443033334000004010401030204200020401040400141400101000202000202000303030323000002400000240124000013400
0000000000000000030103130000020300000001000301200140130034024003000010030112400121010003040003030000041403333344000000012223333300101003443000001311000430000011000403400030011041000002032110000001040000022042000303103000103101343000103410000001404003330400
0000400100210000020000302400030100134000013000001001300000230000001333032330012300112000110000110323002410022020313023432024040000430021000204003200100000000330010301000010402100020003100030100204014000220204014010200201014000140020003001400200030004002000
0020140001033000000300000022040031103100200120120013030303032000040010000013004001004001004001001010103101100200330000400000000001000004032210100040030100000030330000300003000303003000030040201000001430040020000400400020020030314200000303000310100000203040
0302303020120100000000000000000004420303401000240300030000002300000202030202000020400022000002040203010303040010230000000000031004030110000003020200040302000004203300043004301040100020032300300003103000103140000032040001030433331010101000000000000000404040
3031000000000030202020201000000000000202000040000030200004100003300023041002002130100231423300411001010030030300010000100302003000200000403000000303021400003020023103000000302402010000014020000000000000000100100100100100200202400000001301300001001240040000
0013400001300000100130000023000000000000120023012402340040000000000030013021000201043402020000000023000300100012000230000001000004000300020001034002300120001040000300110300102000030001333000203020020300010200000304002030001000100400012230003023000002304000
2030001012004003003300000002300000013200041000000024000000110003231000000000000232340202020202000000311112422333344440000000000022000000333330000004400400000000002020000440004000200400044000442031101100000000000000043044003300104002002011000020404003032021
1040000404002320000000303020100004230110002003020020040302000004013004002000033301000440200000020032000430010000212000430000400200003220000010043000000210040000000000000000000000200000000000000043200000004210000004320000000303100020000000000300043104220032
4140000000000414140000000001020210004100004001000020300203003040400401001002002003004004000010020040210030203000402000200330000004021000330000000200043001000030011100003010004003043030032300020000000000000303131303031424230000000000312233402000000000000112
0013330323300123001120001100001100003001302100020104340202000000040201023220004020004024010004020020000201003020030200402004030000030003000300030003000200020002410000331000004102000304201000021020040420420400330303034100000040000030320031000300120212420002
1004001200200030104033034020013040302330010302330030200040300020020200101000000043040243303303020000043014023030004002020212012003400300234000013200001031030113000040300400033230220004303310010002330000240000004010400104340102400030024024323032040341013001
0000001010020241443033040003000003031340121000120002101100424340000302200000010423310300040021421000034000042002003233413204200003100020000000000000013304220032200000310043000010311040031003300400300110000000320210000440330020200202102022020020311100202002
0000000300002020242020102424043000000004300032004210432000210000000444312222421110000101004433320040001233000000000002244001100000402432000320242210402323220240004043310000404101000040413100000031334020002003030301230302002234122100432210004322100432210004
0323002410022020313023432024040000230003001000120002300000010000002000020100302003020040200403000020300220014002440204100241000323402421203400421043200321043200022000000000041024100032003110102010240021204100020040002204000000104130020220044024000030020020
2410200430041204341000100410100442002133103404204220211330320420210010023000410212040021000040010000003202223004004200102002023024004001230020400200404002000104031200103004000001000420200200101202242040410300112142320310203100143034300032000310002120010010
2004240320202023030202021000403040003132000210204000203002010410224023022004030013000010001010404141212141414142020202010101011200310000000031001040002040103000403020004030200004021000040100003030402000000102020301313141000000200024000300004010401000020001
0004100000022030001030401020400001000004040303131000004030300100002040204004040004001040010001034001002030304013000230323200000010403104000240000310003104021040000010200304001310031020010440000022020020020033010333010303230304004004103133002000000400400410
0043002100020400320010000000033004000300020001034002300120001040000300030003000300030002000200022340242120340042104320032104320020044003000000120003300000000111034000034100030100040100240000243101013000041000000420000200000003030330033221000004300000020200
0100010234010000024401000002440100403010200000002020201000000314100010000004000042000210000000000002033002333444400000111102020030130130130230230200200200201201000000300000010010200203003041034443320000000000011100044422200000021014012300000001234010340000
1303000002020200000100413000000000124130000104200001004000021042230000040000000000002323000000000000243000240002200200240200200040001420010300004000142001020000011000343002100243022100000003220000400134001200010000000400023000300030002014001400130002000200
4210300100400000000001002102003123340000101230000000000000000000130002010002404000300000201010130402100033000000020004300100003030010000000002002301200000000000002001001000020010010230003100100000003001300130404040323202300010100000013030200000003020400000
0103010000104021000200031000301000030011030010200003000133300020410000331000004102000304201000020220000000000410241000320031101003400003410003010004010024000024000022100004310000043001232020020040003222410011200000030004400100000000101010102020144420202020
0000214000020022100040000110004400023000002400000240122000013400003000400001000204004003234302200000110023004400000000400220034000002040000003014140000020140100100402000030100402000010100402000003033300030004020401000340002000000020314201340030000310304203
2020003213202202002021010020233210010020030043001032003003030040001003040313020210421043200423342000012000010040013044000340001200100030300102420300000420200030000000000000000004231202303001103013010012012002402400203431310010300000002042104000000320420000
4200030003123010400042000200000020010400200010000200404000400100003001340221042003000003000133020100002240001001300002421200003400000004000200400430032042002104341002201244100011020400010102240032022040003300133303230014330300424000034002300012000002300100
0204014000220204014010200201014030200203000102000003040020300010102004042042040033030303410000002010240021204100020040002204000031010130000410000004200002000000004000322241001120000003000440011020400300000141030400000000203100010000400001130000000003440000
4003011000300200002001400300100002304130103200300000010020030000000030314000000020303100000010200000023203304040000010200304040044000000100420000031000003000410200234300430000011100222003422000404202020000000400202020000040400320030003003000000022231314444
0001400002420000020000030300000420022102201220033003300130033103040000130300000400000303000003020010014010040404030404010303013000302030000004201010020403000000013012311000000000044244013102200003020041000030002010040003020000244430000001100000004443200000
0001003000400000020042200000000200240002000030030000240000003000020220231101000001000000000000001420203040003010203041020300000000220001000400040000030001030001000003200401300010202432201200103023023020333000303030303020303302301000000000031300001010000000
0014002000300140020003000400200000100400012230003023000002304000400000303200310003001202124200020010413002022004402400003002002003030330033221000004300000020200000000001010101020201444202020200001000040000113000000000344000003004003000400300300400200401040
0002013103040200004000003010300020100003203000030010003300100004000302300202020041004133200000200000000003044000000000133430000042040230001031040040000001031030240134003020040000100032000240132000033100000400033103000030002000020200002004020333020300002020
0000023100130200302300000400020100031000422000300004100042000031000001200340024411030030001002010000320000222040000032000001004303000030240002013000140200003014000000000000200000000000202001100000013000020204002031220304113020001030002000000400030011134002
0030000402120040010004201000020000410002000410001000300041000300340121042301000000000003030100430111000000400032300100000043000200200100100202001001020020010210001012204000111103011011013104020000020001100413012300233100330042400000002420014002120000000320
0020140001033000000300000022040020300010120040030033000000023000100400120020003010403303402001302410200430041204341000100410100401000102340100000244010000024401000021400002002210004000011000444003011000300200002001400300100000020131030402000040000030103000
0103100400130100000003000001010010000310000420000000031000042000000000200341402400000300000131240001113233004000000022000400000003000101003004000002004011401100400020020030101033320020213022302000012000010040010042000440000300300130003000000000000010100100
1400203000400003000012012030014001300110000401300004114000240200000403002021010100004341320102100013110022002000141000000410010300000030030140130230120000000000230024334010400010101201122102220040100200300400002003004010020000320200000414000040003000030201
0440203330440002110000002210200040040100100200200300400400001002400120231030403100301111113020000412000301000200030000024010402020202001332233400101010000002112010004201231001031412000200002103020022000331030102333133333413030331003000300030303000200020002
3110310020012012001303030303200000013200041000000024000000110003403023300103023300302000403000204200213310340420422021133032042000403010200000002020201000000314000230000024000002401220000134000230413010320030000001002003000020100003203000030010003300100004
1000031000042000000003100004200013031103000202000001004130000000003004201232240100000003302310230000113334000000010203040000001004100230002221000000011004300000001010303001021030031031032030040010001000011203140013000210123004120032300300030134010401000200
2014023000430020033000001110230420100030300000000000432110000021103100300133000100203210103002210000003231020130403000000000001021242040200003002010031020002002000012100004340000000022302001100002113000221000002100300221010002002002030040040030040041102002
0004003002021000000000440430320200000304432100000000043221000000001041130100030003100013020004034000234000200003000103000142002000420003100110300041000200100220031302000000000204023434131313043014000000100433220043031304402404303001000200100040020402010224
0400100000130040010040010040010023100000000000023234020202020200020200101000000043040243303303022100100230004102120400210000400110001000000400004200021000000000003000400001000204004003234302200000303140000000203031000000102000030230020202004100413320000020
0000002003414024000003000001312400300420123224010000000330231023001040040300003000020400204402200001120004440000002230000001110000000340400004340003230004320203040304320220201130403010000424024310030000421003000001003400400342302434123103030300000023232400
0200011000300202032000320200142041210332020003000000404320202020300411004030040002403002020000200002034102300300134124030000002430000140000400103101024212000023204023021230020010212404400003100002202200000222222000002222210020300444002100004300323000043001
0000000310000000000000000200000000000000000000000000000000001000000000031000000000001202030010100000000000002000101000001121200000000011130001001113120202023020000003300140312011222220032033100000130031333030330202132314443030301000110200202303404004040000
1010103101100200330000400000000000003111124223333444400000000000000004301402303000400202021201200000003202223004004200102002023000020330023334444000001111020200000011002300440000000040022003400000023203304040000010200304040000000000030440000000001334300000
0001113233004000000022000400000000001133340000000102030400000010000112000444000000223000000111000000322304020000022300030001320000101204040000102030400000103040002022200020000023000030100343000000021440011421000003000023043000202030002010030403000000400000
0001002000021003000001000300001020312334002012344000000034000000000202100010020300001024000001200001204400222040001103300000023001123340000000000013340000000001000003400012234000120340001200100010213000230400010040301023010000000000000000000000000000001000
0000002002023044000000101102203000000001123400423400000000000000003013030040100001012003040100000002300400003004000030041200300400130300000402000001010040010240003032400030100212320314000004332000042100003403034000400003421101340010400100001004310040100401
0100000403221010004003010000003022000000333330000004400400000000034003002340000132000010310301132400400123002040020040400200010430130130130230230200200200201201000020400000030141400000201401004400000010042000003100000300041042040230001031040040000001031030
0300010100300400000200401140110004100230002221000000011004300000000003404000043400032300043202030010120404000010203040000010304000230003040420000024000040120002000013013000000001300200000000131000014000140000410000140001400200340400140020000000004030414201
1001400400300200100040030020020010420000001200311440000000200410000000010000210043311004220044302010103000300403002020110000010020030040000010011003004400400000000024240011214010200002244102003000431030100013000401000130003000040311003410000030232100000001
0001223330000122400000002340200002001400300300040040030200100104000002000201000001020000000000001002004000020421003004110020403021000001024000332102110000000443242004000000024400423200302000103004002030313030033201300030003030001000000000002020101000010202
3300003000030003030030000300402000202000044000400020040004400044000040300400033230220004303310010312001030040000010004202002001000000030000001001020020300304103100402000030100402000010100402002002343004300000111002220034220024013400302004000010003200024013
4000200200301010333200202130223000101030300102103003103103203004040304320220201130403010000424020020222000200000230000301003430000001301300000000130020000000013030412100404202000002030000030300001003100020123231303000000100002010000004030220100000000302302
2000030000320100200100000000311130000000340000001300000003400000410202300430303032000003042030210000000100320442004300000000000020040000401040242324031230302041010040020000122020430003100004100003413024010001300013001020410004003002041030030420300210101000
0110340012014002204010330001034213000203000240400030000020001013104031020300400001100031040213400001000001223340000001300000011230300000013230200000003020100000421000000034230310321000000001000000000011020323210143400402030103200003410003010004013024000024
1000001430040020000400400020020020311011000000000000000430440033000233000024000000401040010434011202242040410300112142320310203144433200000000000111000444222000000303330003000402040100034000200404202020000000400202020000040420000331000004000331030000300020
2000012000010040010042000440000300100010000112031400130002101230431003000042100300000100340040030000021440011421000003000023043010000140001400004100001400014002000100310002012323130300000010003033304340430000000010120302030330100000040240200000402402000000
0200200203004000003000004100100000400044001343004240003210011200000010002401240341020000000010031020002004402000000310200100040401100000003220000140410011100003303101302040004002040030020401034141000203030202030300000000000023020014031100403030203000343302
0124001330000000004000342143201210000003002000000420020004204100200030003141003031323011210243004000200410042022020041012000201400320000440310000022000041031304000000002000000210404001003000301000001000331230333300000020004033040001020440000240000100304000
3031420000030300031010000020304000104002002011000020404003032021024000300240243230320403410130010014303430003200031000212001001000021014012300000001234010340000000000203142013400300003103042030032003000300300000002223131444400020200002004020333020300002020
0030013000300000000000001010010004120032300300030134010401000200423024341231030303000000232324000020203000201003040300000040000000340400140020000000004030414201020100000040302201000000003023023010000004024020000040240200000040110101003103230400004010121040
2022400000421130102030012000024414101000031000100130002001012014420003232000333010244301004440203020300003114010003010020140201024421004323004420020420102420020013030000000024012402300200000101001034042010042000000044121212020044000011003400000120044000001
0000000401021200120012020300030000402100300030004020002003300000041200010400020001000002401043230021004020043010040110020100020002000402300200402000402401000402010040200004000202100300402003340004024030100303331200000003034040102000040302010000402010003020
0302303020120100000000000000000010400004040023200000003030201000000000101002024144303304000300002004240320202023030202021000403013030000020202000001004130000000202000321320220200202101002023320001400002420000020000030300000400000231001302003023000004000201
1400203000400003000012012030014020140230004300200330000011102304020001100030020203200032020014200001002000021003000001000300001010014004003002001000400300200200200003000032010020010000000031110200200203004000003000004100100020224000004211301020300120000244
0040040103013000210000420020031033011000000000340123001000000000031002000200020031002000200020040000003000300000000000000000000000400003010402000210031000200033303243300000030213402102300000000020034200030300402101041000300000302400000002410400010400403001
0001000100040120024213013402400300101000443000001010000430000221010104004200100031234041033304001013300023302123001120001100002101030100001340210002000110003310004012003131101010330000002004000000004101433200133300400030303010000014300200200024004000200200
0442030340100024030003000000230004230110002003020020040302000004030313401210001200021011004243404000313200021020400020300201041000124130000104200001004000021042100100200300430010320030030300402002210220122003300330013003310300031000422000300004100042000031
0130011000040130000411400024020020100030300000000000432110000021412103320200030000004043202020202031233400201234400000003400000010420000001200311440000000200410300000003400000013000000034000000040004400134300424000321001120014101000031000100130002001012014
3301100000000034012300100000000040310000020203020004030104020301003002320040000020202400000002022030000000212330400000110200400040003030204010300020001200040003024034023034001020004020032003400202103000414403022010010000040031010000040020310100000401203001
0341000400022000013004040000100030400000010230400000010230400000442100310304010003000000130004131010040020300000414202000003041000000000000200000010001000100010000400002423030130120203222003320030002000200012030103020301010140100000300244300000100302204000
0002020302020000204000220000020401300400200003330100044020000002000302200000010423310300040021422240230220040300130000100010104023000004000000000000232300000000001003040313020210421043200423340400001303000004000003030000030200000120034002441103003000100201
0004030020210101000043413201021010310030013300010020321010300221300411004030040002403002020000200002021000100203000010240000012000000001000021004331100422004430410202300430303032000003042030210000100024012403410200000000100342000323200033301024430100444020
0310020002000200310020002000200400300232004000002020240000000202040012020001000103000204000200010003001000000400100000040020000010000004002102000000431420000002004403102010033222014000020000040011130000440300122232020000000200300210422004210100013042102420
0300400300140200000020130200000034012001200100000000000000000040000010230304001010001022030440000100044032010000302100000030020042100000000220031002100300000120000403001031411210300000000020300024003000423240034430203013332031300002340100000214010000024401
0203010303040010230000000000031000320004300100002120004300004002100003400004200200323341320420004141212141414142020202010101011200002430002400022002002402002000200001200001004001304400034000120010014010040404030404010303013000003200002220400000320000010043
0013110022002000141000000410010300000032310201304030000000000010000203410230030013412403000000240001204400222040001103300000023020101030003004030020201100000100000000010032044200430000000000001020002004402000000310200100040430203000031140100030100201402010
0000003000300000000000000000000020300000002123304000001102004000000300100000040010000004002000000040003200410031000000000000432000400234042020000000000204042020000210343001001010021040000304400400232010010134012300010002240100000001020202033040004000000010
0000020200004000023022020410000300200000403000030101001400003020024000000013013002010014400400000000300130010000040234020000000000030011030010200203000103000020200000101200400000130000000230300000111112202333344440000303000020011011000000000000000430443033
0403011000000302020004030200000400003220000010043000000210040000031000200000000000000133042200320031000000003100104000204010300040001420010300004000142001020000001000303001024203000004202000300030203000000420101002040300000003000030240002013000140200003014
0000003003014013023012000000000021242040200003002010031020002002300001400004001031010242120000230112334000000000001334000000000120030040000010011003004400400000200400004010402423240312303020410110000000322000014041001110000324421004323004420020420102420020
0040000301040200021003100020003340003030204010300020001200040003100000040021020000004314200000020040023404202000000000020404202003000303000300030200020000023000000000000000000000000000000000000200230300300301002004023002003030000003402000040231013033200000
0004040320240000202000303000003000020203000010103000010102000000000030343003103000400033344000314203001030000000000000102042020400300330000200102120240343010330420030400000002042334010343000000031340000303030310420303013041133400000401040103020420002040104
2033000430043010401000200323003000000000000000000020000000000000200000310043000010311040031003304030200040302000040210000401000001100034300210024302210000000322000000000000000004231202303001100130123110000000000442440131022000000000000020000000000020200110
2300243340104000101012011221022200001210000434000000002230200110204023021230020010212404400003100000034000122340001203400012001000002424001121401020000224410200010040020000122020430003100004103031013020400040020400300204010301303000000002401240230020000010
3032433000000302134021023000000002403402303400102000402003200340004403102010033222014000020000040002103430010010100210400003044000000000000000000000000000000000000230410030312121302410030403403030301030302121211101010404040300140014000020002000003000400031
0400300000030300000030410000031443003004004000000000001002042003000040200403010040010040201003010000440033000330022003110210000033440001123440001122440001122340000401040000012101013103303330030020000130020003032313044302010204001414001010002020002020003030
0003103000103140000032040001030400432000000042100000043200000003040030011000000032021000044033003030402000000102020301313141000000004001340012000100000004000230301301001201200240240020343131000003020041000030002010040003020000000130000202040020312203041130
0040100200300400002003004010020000021130002210000021003002210100000220220000022222200000222221000010213000230400010040301023010030004310301000130004010001300030000341302401000130001300102041004141000203030202030300000000000010010340420100420000000441212120
0020034200030300402101041000300002021030004144030220100100000400001113000044030012223202000000020400232010010134012300010002240102002303003003010020040230020030303030103030212121110101040404031000400300003003000030020000300243100320430000000000000000210321
1000410330200102002000220300304004021000330000000200043001000030000000033122332030300000303001120200040230000040200040240100040241000003100000410200030420000002100400100020004020403000402000300000010012023033004010100010012030323000002400000240124000013400
3333101010100000000000000040404003100020000000000300043104220032202002021020220200203111002020020020002400030000401040100002000100300030002014001400130002000200103000000020421040000003204200000024443000000110000000444320000020001030002000000400030011134002
0032020000041400004000300003020102002002030040040030040041102002203004440021000043003230000430010000000000000000000000000000100000040311003410000030232100000001040030020410300304203002101010002302001403110040303020300034330220044000011003400000120044000001
0030240000000241040001040040300131010000040020310100000401203001003002104220042101000130421024200000000102020203304000400000001030000003402000040231013033200000001400140000200020000030004000314310032043000000000000000021032100222000022100021210102111000111