0020020030030004103004104104020000000101100000001044400000004344200014203000202200102030002020400004023010000400301000040230102200100140044034043022002001001400214210000031031300004204100103120023400000001242000012402300001201000003020202040004030203000421
3131000004242103000304313100000400004002401301230000340240100032000043002100004000021040043002103000010243000013243000000001042200203010200030422030103040204000000443221100000304400003034432330020014002414002001300001300240040204324330323201430032342203024
1103300000022001001114430000033200000000000404040404040404040442341120000003341310000003230010000400200430200030140030044020000204200410031010001003000200310030400002234400000344000000400000221030204030403002400000010001000200040402120003033434201000000003
4000012034004014002404002002300410021033104003320430000001002120002300000130240200023000001313004000010000010400040010102030301204211000000043230010000032132100230043040024024034000000013014240442011203120302340032000201020104020221420203042202022340020414
0000010110000000104440000000434400100140044034323022002001001423010000030202020100040302030201020000430021000043300210400430024000044322110000000440000000443214110330000002003430111443000033120400200430200030140030044020003310302043102010004000000100313002
1002103110420032043000000100210104211000000043210010000012432100040000224000010220000021430002120020020020020020020000204402002003000001040000041030002030300003042000000310010022340000420420000304033032020010000042421310000302130400212040033203000024300001
1303031400201203302001400001400000004040400202020133330010101000420041003100330023042004100310014242010000000403034221310000040440010130000000400322240001303003003004000000002013014004430030040204040000222040400300010413003300200341001000200041041230100030
0000004001443412011004030000034301340000123402340000134000321400000340230400301301003011031004000020400103020400103000300203304341003303220002004110330001030223341223001120000000040000344023034204113000120000000000334004204443204232102030310014343030033340
2000142030002022001020300020204001000003020202010004030203020102002030102000304020301030402040000000000000040404040404040404042010302040304030004000000100010002400001020203041104001010203030402010402020404020024100030201031303000203040000101030002030300000
3020302000404043020202000404033002000204000400213020300130000301000040404002020203030300101010000204030004201441203000000204031420303040400102020303040010100202020404000024200140000201041300302040012142040000011021314101020321040100312121000104030300202000
0020400103020400103000300203001300040420203030110104042020303001103000430203001030200002040010300404001020303004040010203040400020100100030000200001000400002000030400002030421304000020020314203030010200000030320202101040400202041030010001130020400103002040
0040020303101040020300100002020303040020400204102040020300003000202003030010110203040040000202200204101040040310300003002020410120400300001000020314214203040040010400303303202000000400202102304002041030010300103002040020430302002030010420303100002030010030
0004023010000400301000040230102200004300210000433002104004300240000000000004040404040404040404204000012034004022002404002002300204000024400001022300002143000212230100100004423422000000000331003002210400422001004400320011043300004040400202020303030010101000
1203400402002304031003003400012301040000243000213300011300001430000000400341341201100100000003430040042200110033002110400032200100040420203030010104042020303004404012023040000120340400002303400402030002130010204000300011300003422412412311012000000000000020
3300220003000222004000334000300200403203331010000203001000020203100200401012034040102303404010010244004300014400030001040103000201000000000100000020010010002004004400033110440000311004400032110400203001042030310000203001003340401020030000003034040102303000
0002400130002000404014300020002224403000400000000001000201134234330000110003321000400003211000310042031000020310020300100303103010030301010230303010230304010123024021401430030002000200020011202420103023400402000001302333220020022030303140002312413024103000
0010014004403404302200200100140000044322110000000440000000443214103020403040300040000001000100020400002440000102230000214300021204200000031001004204200042042000130000140020140030200140000140024242010000000403034241010000040402040400002420004000020104110332
0134000012340234000013400002340041003000220002004110330003033242404012023040000120340400002303400000000440000014440000111410221330300102000000303202021010404002400114402200032200002203024031310000000030013210431143210022000040020030401402010030140402004002
3042430404243040030400004040000404032030010420303100002030013002240002400130001300013001300013002000402000402010401000402000412200002040130002410030200013000241000001123340223400000000100031332002040040011020020400410010200300110011000103140010001400140001
0004400000011000433211004430000010032004030402020000300040204022040000010021442040000011321440040410410123300020010000040043042213002400330243040314032004400200420200434232010000312100000422300101000304410300000243000202034104220242020321024202133102420012
2142100000310313000042041001031211033000000200343011144300003312400001020203041104001010203030402301001000044234220000000003310013000014002014003020014000014002001000100220012301104310431023430001110000011000011440000440000300204004333234001030003002330013
0000000300004343333424231300000300200203003004014010200230100300300022030300022100400033100000021234001200004400224430023000400000041013400403101000330000202104304241043424304033343000404000041313020040201412024030103302314034140300311000220024002024210021
0302300134021300300000004230324300420110300203200033301003031000010021133144034203000000103214300100004040040404030232310101001041100440220333300303340220000223240013004000300000024031301300130410410320300012010303040043042343000000323200000001214420300010
1020040013130432401023020000100100000342300000342301000000101000003001430100240230300143010020041003100300000021032103300000213403334200000420303110000011223003330103000300101020402040000103311140040100000042403121210003030422002333302044013000333010443140
0023400000001242000012402300001204002004302000301400300440200033201040202040402002410003020103133002210400422001004400320011043342420100000004030342410100000404000111000001100001144000044000030020000143400001431301002214032004040010203030440400102030404000
0320004210042000420421004300042100000030030000010000004000302020024400430001440003000104010300020002010040100013400030130002402010420103204002040020030204300103200040000040230140100040203021404320000400010000002221003333000420013014010341024000201240120000
0100004040040404030202010101001004203134203000003000003000301021004441100000212000343300000011110014243040000020204040001021214013004401200300220034010024401002200010101010301020301020400400204003000204010401030002001204100304321000004320021000000431432100
2400002340000234000124134000123030200420301040301000402100100221020104140300333103024004011313300011004000320032100104430032200200000004020402000112101210120000003440304000110000110001223000031313002022020400121402003230000323334300102030400110203001020330
0100000302020204000403020300042110302043102010004000000100313002030002030400001010300020303000000000404040020202030303001010100002040400002420004000020104110332002040043332340010300030023300130404001020303044040010203040400033300402000000403202021010404002
0104032040003210004032033003100020400300001000020314214203040040020023300104004011003020100130302002420000420104204104041041041301002330300041133010200234133300200204002001102002040041001020030010004410401220100004303203110340020040020430011021030010431010
0410410300123011010000040041042000030042031002001003000303100310003003004104100200300300312002004003000204010401030002001204100300000010323020000000200300420002300320022104004300320021100104300020032104200430000002100310442021001000320421004300310000004200
0031003130113031003101003103310030004200030040200312003010420003033113440004110441204010041234020100130034113033100421003220031003010044103032110001004430301320400030000004301043200442104331302000310004310001210003200001230012002302000303300003200003200004
3131000004242103000304313100000410021031104200320430000001002101302030200040404302020200040403301203400402002304031003003400012301340000123402340000134000023400000000030000434333342423130000030320004210042000420421004300042101040320400032100040320330031000
0100101404404030330302002010000140022000440023300100003400120004244030004000000000010002011342344200404000004140003020000213000120420423420410410314314304204103100323020301040200003003430010220340340133044003300400240021023032344300000012334000000312340002
0000034030000034230100000030100004230320310030003000003100110003030103040003100000103010203000203020044030104040100040210030220300001223000233000034400004340000402334122000100000000000042023013000420003004020031200301042000310000303042033430101000040420311
3003014320000401002000140140300311440330001243020000440010300302000000001111202331333244430003000040200302330014010040220002300202003001004041001002020030030041013140400020102000020303033001010032002000300230002000010000400141030310144132020303013132021111
0000400240130123000034024010003204211000000043210010000012432100020002040004002130203001300003010104000024300021330001130000143041003000220002004110330003033242002002030030040140102002301003000000003003000001000000400030202020400300001000020314214203040040
4002200044002330010000340012000400042030421000420004210103311020100303010102303000102303040101203040000000213242430430303000032404000000203304004100100202330100130024003002400330443020014002002222000034340010000022120101343031110112020203030334343440402420
0033440000044300011000001420000000031003100310031333300310031003012011010010040313010000100100100000000404040404031242421212000030303202022313230304040003434003400130010130002400024032224001300001004430030213000403443000332020130202413020240302024010002303
4130030000030004111102313323304002003003034021104002320030330041140001301300340420014400231120020300300421103010031230003312003002013020010000320100403230203021013423000013124400000133000000423003402402220032001003204403240420102000400400000300300301201241
0000430021000040000210400430021004000022400001022000002143000212000040404002020203030300101010000000004003413412011001000000034340401202304000012034040000230340300022030300022100400033100000020244004300014400030001040103000202002330010400401100302010013030
2440300040000000000100020113423410030301010230300010230304010120000440000001100043321100443000000021001402140140014014301401430100030040031002001003000303100310012402400001240140001134302000324001020403040012030000111021301002221100000001221110000010100444
0200200100401401002003003014014000310031003100310031010011303120000134000134000123013400002300012030400010203000011020300102033010000003021101000032212110433223003140100314010031401303443100414200030200030310000320000320000401000340230034100000130014013000
0410010100410311310014010330041043000010144430000101043433301131301020001030122113204320331023000000303131010010403231010000004300100003400400300300300301201241220330002103300411032000413020201104400332001314420324001304420302030220400102040010314001031030
3000010243000013243000000001042200200200200200200200002044020020020403000420144120300000020403140040042200110033002110400032200100000004400000144400001114102213123400120000440022443002300040000002010040100013400030130002402020024200004201042041040410410413
4200404000004140003020000213000130400000002132424304303030000324002100140214014001401430140143010201000201400110400100402140302000100400430030021040023301200210004004011211000003443400100000001243101044410010000001022100002030134034020020011301240200000422
2020424204041001313001010330300042004200031003031003200420000310303204043040440030400300004000000001040104010401030003200320002400010330231003020200403343043301000000040040241410330320020010010204101003343000000232003400421000001234000030221400300012340000
0400130103120120020040310012302004204000204110103003324201000404000310041004200030420003100310041242002130100000000040042032134100022440004300003000314030113000403020040330200403003020040300002210102102021022010200102004001020413003141000020004110004410003
0020301020003042203010304020400003000001040000041030002030300003203030404001020203030400101002020004042020303001010404202030300430300102000000303202021010404002000410134004031010003300002021041042010320400204002003020430010301002330300041133010200234133300
2042042342041041031431430420410304000000203304004100100202330100000300400310020010030003031003100010040043003002104002330120021030030004100300300041002003000410002003210420043000000210031044204000310140003300230103010331022024210043100200043000031002100431
2100310304110023300441000220033000312000310000300041313022000001330000211004400004320000220000440034200040301010412000023100034410000302310000004300004321000004004423301002023311000302211000243202100040032101030040431400030000000022323300100002323300000002
4312100300000000022322101000030000000044423133322221114000000022231342312312013120000100001000000000000303000010000000000000000240034203400004000000000000000000002001131132442430030030300001200000000000111223304402000200020003242430300000010144440202020003
0004432211000003044000030344323304200000031001002234000042042000020404000024200140000201041300304040120230400001203404000023034040011440220003220000220302403131304241043424304033343000404000042000400000402301401000402030214020020400200110200204004100102003
1003230203010402000030034300102213002400300240033044302001400200012402400001240140001134302000320040040112110000034434001000000000200321042004300000021003104420010030304040400203021244003030210000240200003023020101040240200230112010231002341003102014200420
0242034003400001000303003100320042000302000303200033000003200004430303100404000003202104403030200404040404040213330333330303004000002300331301010023200010033003002420000014221030130430401203000000004402301402000303034022311230103001304004400043003230332002
0400042040310001304014433103103032402000310030241303000010320141401244310420134202300123031200014433000000000000000332233220003032003022100043203030303210004310200310100200400420000310010030343034304020302202002400103403130430001403202001200400302201100440
0020014002414002001300001300240003040330320200100000424213100003204001214204000001102131410102030402030002130010204000300011300000000000300132104311432100220000131302004020141202403010330231404320000400010000002221003333000400100044104012201000043032031103
0340340133044003300400240021023022220000343400100000221201013430400102040304001203000011102130101243101044410010000001022100002040003101400033002301030103310220000024020000302302010104024020020101110201110210110201210201200220000200302003003030031000410414
0002400130002013000300024002400100103200003032100142310040320100101414200000000304140400020203033000102040001120324000003243040004204320020000000300320431032002021030140201311301402203000401000433210321100021000000000304030002101000421214102000430310103001
1140033300120000440330012000034033100332010132200022103003000010010120302020340403040001000101200011223311101011222334400011122320030301033002204000200300010330402001012400200401340130301232300000040033122001000000004122331003300043000002241030200100030000
4020432433032320143003234220302402130400212040033203000024300001210401003121210001040303002020000342241241231101200000000000002040020030401402010030140402004002341403003110002200240020242100212001301401034102400020124012000040020040020430011021030010431010
3234430000001233400000031234000231110112020203030334343440402420022211000000012211100000101004443013403402002001130124020000042224210043100200043000031002100431301120102310023410031020142004202000020030200300303003100041041403011221332144010100001110321440
1302004140113130102211121410040342100000031300010013301004002440300032020310003021011003211024420340040104010300231043103400302000001020030201001314002302023032303040030404303010030414403040232000021003001211110121002101400430304020340200012030340013120000
4200024114100101102304210020000224002400200024004414201300241044232002143410124310100301220010000000012340000012000020120400100130204001020000010223344001110022000000000444444444400000000000002002020102423214044232000400200041002100204210403020234024012000
1103300000022001001114430000033213030314002012033020014000014000002040010302040010300030020300133300220003000222004000334000300230424304042430400304000040400004030230013402130030000000423032430100004040040404030202010101001004104103001230110100000400410420
0000034030000034230100000030100000334400000443000110000014200000020020010040140100200300301401402020424204041001313001010330300021003103041100233004410002200330024203400340000100030300310032000002400130002013000300024002400113020041401131301022111214100403
0310030020033001042000003404430200003031310100004032310100000043123400000123000223000000000000231000402010004332020040330200400110000000000040010304003030020314410000200031130101000020003410024433000000000001000332233220000030030014000100220103003002400032
0004440001300341300030301030200000200210040321044002002200200342000043043213200100000324321001000130001100400020400024000001300204030300100303404004010020030340300002040010320430003000031030203010041200403000042010030400423020324300000000132331420202020001
0000000000040404040404040404044200004040400202020133330010101000000404202030301101040420203030010040320333101000020300100002020304032030010420303100002030013002004201103002032000333010030310000420313420300000300000300030102100030042031002001003000303100310
0423032031003000300000310011000300031003100310031333300310031003003100310031003100310100113031204200420003100303100320042000031000312000310000300041313022000001420003020003032000330000032000040010320000303210014231004032010042100000031300010013301004002440
0000303131010000403231010000004341121000030000100421221010000000030003000330434132322241320230004343030303131323212304042434202103000300030230333220424222432343434000000010101012242404300000000021213030003001014040000000000340000003130400001014240030302130
0120300001122040013223030012030040000303001023040024200001000001013000311030023000034003100000134002130013000020002430002000012001303110013000020032200200001400400200030013001400003001300140324000002100210004400240030012032420132010330014003001303001300240
3411200000033413100000032300100042004100310033002304200410031001103000430203001030200002040010301002004010120340401023034040100124000240013000130001300130001300010021133144034203000000103214300044411000002120003433000000111100300300410410020030030031200200
0301030400031000001030102030002001201101001004031301000010010010000134000134000123013400002300013032040430404400304003000040000033000021100440000432000022000044430303100404000003202104403030201014142000000003041404000202030330003202031000302101100321102442
1234000001230002230000000000002303000300033043413232224132023000002100331004321003300040000100020400104001102041020330410304000102023030303002010203000000400000000300330043014002000100330043210000000010000000044400000033440034231000000004030101000000024231
2104310321002402030003004300421030400001000020210203030030304014000403023024030100004030030240300300020001300020021400320020001311111110000003020300044444400000000034120000003400000342200000230030031021004204200002031131024001010010001040323021010104030300
0400200430200030140030044020000242420100000004030342213100000404040400102030300404001020304040000244004300014400030001040103000220004020004020104010004020004122010000404004040403023231010100100014243040000020204040001021214040030002040104010300020012041003
3020044030104040100040210030220300000004040404040312424212120000203040001020300001102030010203300001040104010401030003200320002400342000403010104120000231000344040404040404021333033333030300403000102040001120324000003243040003400401040103002310431034003020
1000402010004332020040330200400143430303031313232123040424342021040010400110204102033041030400010200020002000300033004401040110032100340442003044030000233023000010102020203030304040400001102020320430024320301304400014400301341040100120023003410201001200230
4030201101003033020130400303002000010102021313242430304132424303204000203102004003040102041030040003011402200330044021003200443100404021200000034201303004342010040010102030304000010202030404300000214000324402020000132003133024022003300440001110023003410003
0420041003101000100300020031003040010130000000400322240001303003201001000300002000010004000020000100000000010000002001001000200400002040130002410030200013000241411004402203333003033402200002231300440120030022003401002440100200000010323020000000200300420002
0000122300023300003440000434000030303202022313230304040003434003100000030211010000322121104332230001033023100302020040334304330110000302310000004300004321000004000023003313010100232000100330030420432002000000030032043103200200001020030201001314002302023032
1000000000004001030400303002031403000300030230333220424222432343020230303030020102030000004000003210034044200304403000023302300002002302402402300400400000120024040104100410002002000200030030100000000000234002340000123001230020400203001330430202002040010332
0001122000142130320300344000000001003040430310120203030004400142330000443440000004401000040111011000000243340332230220110010040203220010043303230203032000104430000022000023000033000033011440213000420000200003140021030400322003041322033143224300400202120100
4000022344000003440000004000002200300400000000201301400443003004030400002030421304000020020314200044000331104400003110044000321100000112334022340000000010003133240013004000300000024031301300132000101010103010203010204004002030032002210400430032002110010430
4023341220001000000000000420230140013001013000240002403222400130003140100314010031401303443100410000000400402414103303200200100100442330100202331100030221100024002420000014221030130430401203000210301402013113014022030004010030304003040430301003041440304023
4100002000311301010000200034100243400000001010101224240430000000000300330043014002000100330043210101020202030303040404000011020204010410041000200200020003003010000000000033342404142134340200200020032203020301200003303033300304040101023020340400040130103000
4404134102402404033003333003303003200000424210000030340000342420000001002430110330010031030003320030034100100240400102303401010003133000200100041040303332002010004210043100031000320000043100332021312303402002002012003230134424013300101140032012003000200340
1030204030403002400000010001000202040400002220404003000104130033303001020000003032020210104040020400203001042030310000203001003320020400400110200204004100102003041041032030001201030304004304234003000204010401030002001204100300200321042004300000021003104420
3000420003004020031200301042000300010044300302130004034430003320420003020003031000032000032000040204101003343000000232003400421032021000400321010300404314000300000000440230140200030303402231120433210321100021000000000304030020000210030012111101210021014004
4433000000000001000332233220000000212130300030010140400000000003000000001000000004440000003344000320430024320301304400014400301300000000002340023400001230012300002003220302030120000330303330030012400134004000200013413400030011001400040033003001201100000003
0013001013031402300433300130024004000023003440312004004010023024014014014020020020300300301401401301034020000241003013000240200400402014030403040043230003020040000004040302313000403030201000240303020202010100000100004240423023233330304002040303030304040400
0004040212000303343420100000000300200341001000200041041230100030020410300100011300204001030020404040102003000000303404010230300000110011000103140010001400140001430000003232000000012144203000100432100000432002100000043143210021001000320421004300310000004200
1000030304203343010100004042031120130202413020240302024010002303010003402300341000001300140130000000123400003022140030001234000000000022323300100002323300000002301030013040044000430032303320020210100042121410200043031010300130304020340200012030340013120000
3003001400010022010300300240003240000003130400001014240030302130342310000000040301010000000242314104010012002300341020100120023020400203001330430202002040010332040401010230203404000401301030001100140004003300300120110000000302114440000032300000011144000000
0300023041110311030043042213010000320010004200032001000420003200010313404003031143020100100032030000403020140302002010003004033200230024023002300240030003303400000000123300000001223000122344300340010010000000333330000003030030001000130022102010203000320002
4000012034004014002404002002300400000040014434120110040300000343004002030310104002030010000202030002400130002000404014300020002200044000000110004332110044300000102004001313043240102302000010012400002340000234000124134000123000310031301130310031010031033100
3003014320000401002000140140300341300300000300041111023133233040041001010041031131001401033004100400130103120120020040310012302043121003000000000223221010000300040004204031000130401443310310301140033300120000440330012000034042000241141001011023042100200002
0004440001300341300030301030200001203000011220400132230300120300210431032100240203000300430042104030201101003033020130400303002000011220001421303203003440000000440413410240240403300333300330300013001013031402300433300130024003000230411103110300430422130100
2000404303001320104043020220201000004001133001000033001220004000000230004231000231000031200041102020000303020300020303030000003230000113330301002040030024400000032000210040303003200021001002000402003004120340001203401013000043320100300000020000000000020002
1002103310400332043000000100212001340000123402340000134000321400030400204002041020400203000030002440300040000000000100020113423410032004030402020000300040204022000003423000003423010000001010003020042030104030100040210010022130004200030040200312003010420003
1144033000124302000044001030030202003003034021104002320030330041430000101444300001010434333011310420400020411010300332420100040400000044423133322221114000000022324020003100302413030000103201413310033201013220002210300300001024002400200024004414201300241044
0020021004032104400200220020034240000303001023040024200001000001304000010000202102030300303040140001010202131324243030413242430301003040430310120203030004400142032000004242100000303400003424200400002300344031200400401002302400320010004200032001000420003200
0000400113300100003300122000400010010000003100300102400002031021030121143330030220344300000142330203000203000204000204200314203021344100001000010044023341420001140200203014010030031402002003312003202004302414401042200233030400042013211421042143204001301140
0023000001302402000230000013130000034023040030130100301103100400202003030010110203040040000202203300001100033210004000032110003104000001002144204000001132144004003001430100240230300143010020040201041403003331030240040113133003311344000411044120401004123402
0000000011112023313332444300030014000130130034042001440023112002301020001030122113204320331023000003100410042000304200031003100423134231231201312000010000100000401244310420134202300123031200010101203020203404030400010001012023200214341012431010030122001000
0000430432132001000003243210010001300031103002300003400310000013000403023024030100004030030240302040002031020040030401020410300433000044344000000440100004011101000001002430110330010031030003320140140140200200203003003014014001031340400303114302010010003203
0002300042310002310000312000411003012114333003022034430000014233110110110110110010010010004004003020403201030210002010400104030010004213022100010043100344000431342000343030001010001312124341120023003000000020013003401300310000014402020401000304120303001204
4000010000010400040010102030301200204001030204001030003002033043020410104004031030000300202041010042031000020310020300100303103004104101233000200100000400430422100310030000002103210330000021340011004000320032100104430032200201001300341130331004210032200310
0040200302330014010040220002300203003004211030100312300033120030000030313101001040323101000000431242002130100000000040042032134100000003030000100000000000000002443300000000000000033223322000300011223311101011222334400011122300000123400000120000201204001001
0130001100400020400024000001300240021300130000200024300020000120030002000130002002140032002000130003011402200330044021003200443110000002433403322302201100100402003003410010024040010230340101001301034020000241003013000240200400004030201403020020100030040332
2020000303020300020303030000003202030002030002040002042003142030302040320103021000201040010403000303302022020010100001040440304133410220300100113004002002030014001041030003002001044103003002001403230103440320021300033304100023102420203120312031204220014004
0421100000004323001000003213210041003303220002004110330001030223204003000010000203142142030400401003030101023030301023030401012313002400330243040314032004400200033342000004203031100000112230030000000402040200011210121012000003010044103032110001004430301320
0200300100404100100202003003004102013020010000320100403230203021001000034004003003003003012012410002244000430000300031403011300040034203400004000000000000000000320030221000432030303032100043102003030103300220400020030001033030204001020000010223344001110022
0403030010030340400401002003034001303110013000020032200200001400111111100000030203000444444000000040402120000003420130300434201003220010043303230203032000104430031330002001000410403033320020100040201403040304004323000302004000230024023002300240030003303400
3000011333030100204003002440000021344100001000010044023341420001100042130221000100431003440004313341022030010011300400200203001420000301031304000102420300000031120120030020033034004004004000000242000242400132400131400031300003030300111000020000000001141000
2300430400240240340000000130142434122300112000000004000034402303010400303303202000000400202102300240214014300300020002000200112042020043423201000031210000042230330103000300101020402040000103310034403040001100001100012230000340003000000430104320044210433130
0131404000201020000203030330010101342300001312440000013300000042220330002103300411032000413020204030200403302004030030200403000000200113113244243003003030000120200310100200400420000310010030344020010124002004013401303012323000000000044444444440000000000000
3000020400103204300030000310302040020003001300140000300130014032000034120000003400000342200000230400101020303040000102020304043000002200002300003300003301144021004210043100031000320000043100330000040403023130004030302010002400000012330000000122300012234430
0320002100403030032000210010020014020020301401003003140200200331342000343030001010001312124341120010410300030020010441030030020012012003002003303400400400400000432123011000102000040004231204002032330304202330232323230310000443000130120004000230134001200040
0442011203120302340032000201020142041130001200000000003340042044400204103001030010300204002043032420103023400402000001302333220001010003044103000002430002020341114004010000004240312121000303041313002022020400121402003230000320003100043100012100032000012300
0032002000300230002000010000400130034024022200320010032044032404110440033200131442032400130442032210102102021022010200102004001000000000001112233044020002000200303430402030220200240010340313040000040033122001000000004122331020020201024232140442320004002000
3010041200403000042010030400423040000021002100044002400300120324003003102100420420000203113102400000214000324402020000132003133030004200002000031400210304003220202131230340200200201200323013440303020202010100000100004240423003400100100000003333300000030300
0402003004120340001203401013000020032020043024144010422002330304002300300000002001300340130031001403230103440320021300033304100002420002424001324001314000313000203233030420233023232323031000040400400000010010324324300000001014301430143004000400040004000400
0402022142020304220202234002041443204232102030310014343030033340020020300104203031000020300100302002203030314000231241302410300004220242020321024202133102420012220023333020440130003330104431402333430010203040011020300102033012002302000303300003200003200004
4103031014413202030301313202111120102000400400000300300301201241020302204001020400103140010310302041300314100002000411000441000303242430300000010144440202020003300014032020012004003022011004400330004300000224103020010003000041002100204210403020234024012000
2032430000000013233142020202000120132010330014003001303001300240010100100010403230210101040303002402200330044000111002300341000303041322033143224300400202120100240133001011400320120030002003402323333030400204030303030404040030001000130022102010203000320002
4332010030000002000000000002000200042013211421042143204001301140000144020204010003041203030012042310242020312031203120422001400403030300111000020000000001141000430001301200040002301340012000401430143014300400040004000400040040002004110330001003000220440003