0220033000400440000000000000000120044000001002200400001100330040200000120040010231020214024202000400132423002004201201040340040004012003000013000000023000040034300300310003330323000043033322043012030000000003013023010000000000243101020003221020202011404020
0002000000000000000000100000020000030002022003332320232313330000414000000200041414000000000102020000030000003300040200400332043000021300000320300010304010204001421033030343000000020100213000314200000203103010400042000400000000240332034000000000402303330002
0032020102100040010004201200020004100310034400001102000021430000000100320200100000000044013032020022000000020200020000000033000000000022020030440000001013022033002120300300012040000003212300200110340212044002204010330201034001440310030000030040033400010032
0000000101001200120012000300030000230301030301432110312034001023034403040303230304330200000013000320430003120003030323110000000000000204000040000030200001100003002402002024000020200030303000300400300200030300000032430200031410004400002011020020300203003040
2004400000100220040000110033004004012001200043030020023000340032000413010000030240000000414020034143000000000444140000000001323242100003204000030000010021020034003003040210002001000420103032000000000020000000000000000000000301103403120440320020401330310340
0200202100000320034210023104400300000202022010202000402024300023100041000220010200203002030030430000000400003200421043200021003004000004010303131000004030300103233400003012333030303030303000302004020322001300320040400040310303243002002030010000040000303030
0041000002041330100030004100030340040100300200200300200400301032020000024021030000000432210000030000000020000000000200202000300000000004143403403200000000000003020014000003000400400102004001341300020102024340003200002000101110000003202000000420020004004130
0040210332003300402200202330000300101000143000001010000430300241334003030302334303000400332000033401200140010000000000000003002000230300403000330103001400003023000202030000101030000101020000304303300402430303030003130402230302324030333030303230341031303033
2000001200400102310202140242020000041301000003024000000041402003000410010100203101113141112140000440001000440002110000002110000001103401120440022040103300010140030040010114021001012013020000001001000000032032001000000032032021101104040303201001004040300100
0000100001124001230000000100000000102104120200410131200410030041400401001002002003004004000010020004443322222211100000000444333200204020400204000400104001000303130002030002404000300000200010130030013204210420000000000100330422122020110100010201000000000000
3401200120010000000000000000004010110100313040020200303030000000001040100300030000100010040004002010010101000001000010000100101000301200024010000301200004010000201000000000000000000200000000001040310400004000031000310402104040103300044000000000001120022300
0412000401000200030000024010432021110200100410100041404000030400442100330004000000000000100001102010102003040000000010220304400002400000001301300001001240040000200010310003303000400003341000310000402004030100400100402010030103000000012233400000000000000112
0400132423002004201201040340040041430000000004441400000000013232044000100044000211000000211000000300000401001200120012000300030310000100202001002020000223000043300011111110000000000000004400442010010030010004204024001004220040040101100200301310001410101022
2000213123303044220222034420043330010100300303000100001003021000004021003000300010202020233020030040001203000000000002244001103020010000303040042000003000002003040210000300000002000430010000100400000340000001301000002210013444200040400040102030410203000030
2111202120102032000322020240210204120003210002000300100240204020100020410020001300012300214221202000000020000000301010001131200000010020202000042121300134020104100200402002040120300401002040000000000101223300000000002000221240002004300400022200110020002034
0020201140240020042130221102230030133000433001232011400011000041401004012030001042430200000320100100044002010000002120002030023003000021012120002422042220200000420300204000001010101020300202340300440230030133022000130413030002033402303030402000402401000400
0401200300001300000002300004003442100003204000030000010021020034011034011204400220401033000101401000010020200100202000022300004320300001131233000300030003000300004100020004100010003000410003000000000003000300030003000300130033101203000200021243101030102023
0212100044300300131003043300001100203030403003333134334233331000040210003300030000000230040003300040240200000301044020000002024010403100000040010311003204031041300130303333043200310030303330300000000003000340023001204200240403200002030112030003010304010001
0022010113000000100100002001031000003032310430200030303030333142004200041304133003410302001003200000000304001103101010020200302000100301030200000301010040010340210030303320001100301133333334433030000104303320030003302010030000320000420020030022030043031014
0202040333000340230043240100020201033130334040240002030310033010000000010300030003100310001003104210000003023301130013030300032000000012010013200303030103000020001033300032004031303430203303103344000210344300142244010112214044030003100010410200030420000002
3003003100033303230000430333220400300304021000200100042010303200030040010114021001012013020000003000111111100000000000000044004400410002000410001000300041000300030102023232330301323334313031423001000040002003040040002003100314112201402120000000000000000010
0001034430000103430000020041100002110200000030240201000001402000011103020040003200010000004300023040420100004041010000404131003030001322030400030000102203024000302003001000003040313230003100400210000002340300300104000000312330000330342130002020040220420000
2000100040000432330030100033030131100140320100003241002020300200000003000000030204020101303030240010020001100110012032203330333000203340000013003003331400030103040003000000024400123300103000304210030000042300120210000000032030300400200020020010400300100010
0100432000040002023301004023000430201100010130000003000000000430330403004443030433330301202030023004003010312102300030003003201023000310120040300033000000321000220031000000001032031030040000300004040100030420002303210301030340040230002000301040300040200033
3012030000000003013023010000000000000000200000000000000000000003100100000003203200100000003203202010010030010004204024001004220000000000030003000300030003001300300100004000200304004000200310030000000003010320000022034420100000000000000000000000100001001010
0203040000002042000103103000103100003030002022011132011102012002000000000200000010100000112120000031001000002100000003200000204200200200220200300000320302002203000030300201010010401002020330200030002040003000103000200214300330240300210000000101010101413003
0002000001100110012002203000330010003400010000011320003000014100301400000310043022004300100143240000000012000001000022334330440020020421000031000042004202004210300430203103200120320401210100200000000011020020230340400104000010000030010032010003210000210010
0001024030100000301402000000004000003041021022210003211003212020003000200020001400030002020103010024030001100341011001410113004000021111122223333444400002000000003230000000200031342000003004310020000130040200002012014204030203000300120230330040000000100120
0024310102000322102020201140402001103403120440320020401330310340211011040403032010010040403001004004010110020030131000141010102233101203000200021243101030102023141122014021200000000000000000100000000000000000000010000100101013413104000040000320003104021040
0101040010041003034443430101040022400000001301300001001240040000000002000122334000000000000001120432210043221000432210043221003404000204103123032303030203430410303000000130313010101040302000002323000003400300301230000230310022002000300030043300101010100000
1011100000042133100043030303332000032003300330030003100200120002220140024002011000103002300430240010300041023020030300400414000024001010400101314130010323133401000000003000300030001110001102022141100341000401000401000400302403040001320420003220300100404000
1341300004030301003020003003102010000014100230203004304000300200433110000002423101011104034020000100000214013000324431003003440140012011000000303030303410240033031000004010401030004200020401042402211400131000202000202000303000023000002400000240124000013400
0002000000000000000000100000020002002021000003200342100231044003000010000112400123000000010000002000213123303044220222034420043302121000443003001310030433000011000103443000010343000002004110000203040000002042000103103000103101010400100410030344434301010400
0002430100240000020000302400030100134000013000001001300000230000001330002330012300112000110000110020000440000000111003230002040000430021000004013201100100010331030031000010400130323033403330100204004000200004044013200204044000140323003011400003010302032000
0022140001013300000303000020020003323303200120400040303030330000040010040011034004004301004004000202001401101203300300400003000001020004032013100340030100000330000230330003003130303033313340401000001430020320030403400020000002034203000313030010130000233040
0304303020100400030003000000030001143001401000220000010000034020000204000200030023400322000000040400010103021343030303030300001004000110000003020000040304000004200400043004304020403000300003300003103000103140000034040201030403031010101010000000000000404040
0003000202200333232023231333000000000202022010202000402024300023001021041202004101312004100300413001010030030300010000100302100000203030403003333134334233331000021102000000302402010000014020000000303000202201113201110201200222400000001301300001001240040000
0013400001300000100130000023000022200000122023310432143020300000220030213201000004023402000000000023000300122032202200202021000001000320020201034002300120001040300330210300102000030001030000203240320303030200000304002030001030103410010230030023300002104030
2200301010024000303300000002300030111210044000000224300000410033203030300302000232340000000000000010412112222333344420000030003024203000313030030302200400000000300030100440004000000200042000242201401103020000000000043044003330402012002011000000404003332001
1210300402022020000000303020100034033120000003020000040302300034330034002302003104030243230000023032301430010000210000430003403200011220000010043000000210040000000000000000000000000000000000300240000000004213030302300303030303100020000000000300043104220030
4140000002000414140000000001020210004100022001020020300203003043400401001002002003004004000010020040210030003000102020202330200304021000330003000000023004000330011103020040003200010000004300020000000002000000101000001121200000000200012233400000000000000112
0013300023300123001120001100001122003021320100000402340200000000020004023000004020004024010004020020000201003020030200402004030000030003000300040004000300030003410030031000004102000304203000021020030420420400300300004200000042000200300041000103100010400002
1001001000200030104030004220003040300000040302010000402010303020020200101000000040040440323002020000010012024033004000000010012003420000234000013400001232000012000020000400030000400024003340210002300000240000024012400201340002400000024034000000240340001001
0002001010020241413030040000000003034010101000202020202000401010000304200000030423310300040024421000031000043000000003100004200003120020000000000300043101220032200030010043000000210040004003300400300110000000320212000140330023230202102032020020210100202002
0000030000003300040200400332043000000004000032004210432000210030000444332222221110000000044433320040001203000000000002244001103000402402000003010440200000020240304042010000404101000040413100300031001000002100000003200000204204322100432210004322100432210034
0020000440000000111003230002040000230003001220322022002020210000002000020100302003020040200403000020000202042000420004100041000133200421023200421043200321043203322030100000044004400022002100300010040003204400020040002204000300101100020020024004004010020040
0410000412041004041000100410100242004103103204204200210310320440010040021200440010040021000040042000000202203004004000000002020004002001000020400200104002000102030200303004000001000410000200304202042022410204102041020310203400040004300032000310002000010030
0004040302202021010000002000403330400102000010204000203000010430324003020204020013000010003010432141210121414142020202010101013200310020000030001040002040103003403020004030200004021000040100303333434300000304040003333343030000200024000130302040204030323004
0002130000032030001030401020400104000004010303131000004030300103002040204002040004001040010003032001000030304004200000300000200310403100000040010311003204031041300013220304000300001022030240000020020022020030000032030200220304000204103123032303030203430410
0043002100000401320110010001033101000320020201034002300120001040000300030003000400040003000300033320042102320042104320032104320320044002000000130004300100010112034000034100030100040100240000243100003000041000000420000400000003041303134231010302330303030000
0102000234010000024401000202440100403003200000032020201000320314100010000004000042000210020000000000100312434442400100111103000030100130130230230200200202201201000000230000010310200201031341234443320000000000011100044122200000002232113310030001214112320000
1300000002020200000100413000000000104323000104432021231200033012230000040000000003002123000003000000320310341003220303220301240040021420010300004000142003020000013000243002100043002100003402220000400134001200010002000100023013331030103324001400130002000201
4210330303430000000201002130003123340000301233303030303030300030130002030002404000300000200010130402100003000000020004300100001030013030333304320031003030333030302003001000003040313230003100400000303002010100104010020203302030300000013031301010104030200000
0300310000104001303230334033301030033021030010200003000103000020410030031000004102000304203000023220301000000440044000220021003003400003410003010004010024000024030040110004310000043003203000020340330302440011211101111110401100002000101010132020441420002000
0300041130000022101040101120000400020000002400100240424000313430033033413004001214004111210104302000110023004410000030100200032003000311300003044443001020240310100402000030101402100330103402300303330430020011141113000401020000000020314203140010000010104233
2320300340202212102021012030201210010020030040101012004003330020330033023032031023002301330420140000313030010000011044100343003200103030300000420300000420200000000000000000000004433222000000303311342012032010033213031213030010300000002042104000000320420003
4200000203103010400042000400000020040203220013003200404000403103003001320421042000000000010033040400000340000001301000002210013400000000030003400230012042002404021000000234030030010400000031230030002040003000103000200214300323230000034003003012300002303100
0204004000200004044013200204044032403203030302000003040020300010102003042042040030030000420000000010040003204400020040002204000331000030000410000004200004000000034033030244001121110111111040111020400000000141010403000100233100010000400001130000000003440000
4303031300300200002004400400130002002000400201100030313000330000000130314000010023303400010013200000010203304140000010200304040044000003100420000331000004000210200014003400013041400002301400200400202020000100430200020100020400000000000001000000022233334444
0002400002420100000003030300030440122022202241134013401332133003040100130300010403000103010001020000004040040004030404030303003003302333000004201010000403000000013141014000003030342024301002200003020041000130002012040003020003444330000301100000004443200000
0024033203400000000040230333000203243002002030010000040000303030221220201101000102010000000000004420004040004010203041020300003003200002030112030003010304010001300003303421300020200402204200003024030021000000010101010141300322002000300030043300101010100000
0014032300301140000301030203200030103410010230030023300002104030420002003000410001031000104000020010110002002002400400401002004003041303134231010302330303030000000020001010101320204414200020000001000040000113000000000344000001103004030213300300400400401043
0002020300040200304023002003300300200013001030030010000300100034000302000200020041004130203000230010301033342000000000333430003040040001031034042040300001014033040114101000340030100002000240432000000100040100003300001020004330023210300034040303020000002000
0000020100110200202300101400000030034010220030300004100042000011330004410140004401330020001030033000121030023040300012000001002303000030240002013000440200303012000000000000000000000000000000300303000003040004032334400102133020001030002000033430333001332000
0032020102100040010004201200020000410000020413301000300041000303340120012001000000000000000000402111202120102032000322020240210200220101130000001001000020010310200010004000043233003010003303010002000001100110012002203000330010111000000421331000430303033320
0022140001013300000303000020020022003010100240003033000000023000100100100020003010403000422000300410000412041004041000100410100201020002340100000244010002024401030004113000002210104010112000044303031300300200002004400400130000020203000402003040230020033003
0100130103100103000000000000000010000310000420000000031000042000000000200341412400000000000130240003100033004000000022000403000003020304003004020002004010401004400200233000104303020343443300002000012000010140010044000340000200020003000000000000030000030000
1400203000400102000014002030014021020003002421400004043002320100000403002021020000004340330100100000130302002003041303030210000300020033030140130230100000000000230133332000403000000000110000220040100200300000002000004010020003020100000214030040402000030201
0410031003440000110200002143000040040100300200200300200400301032101101003130400202003030300000000412000321000200030010024020402000003032310430200030303030333142311001403201000032410020203002001000340001000001132000300001410000032003300330030003100200120002
0332330320012040004030303033000030111210044000000224300000410033403000000403020100004020103030204200410310320420420021031032044000403003200000032020201000320314000200000024001002404240003134300200200040020110003031300033000000200013001030030010000300100034
1000031000042000000003100004200013230230020202000001034130330003000034204200243100000000000340212000010304000000010233040030004002313001334224300003211004333003000000000001021033031331030030340030323030201430140013002200020304020002000300030104010401300230
2034320030110000030000200110230410000000000000000000432110300001430233013433333103033003133030233000301231022130433030000003004001043040003003002040330020302004000012100004340000000022300000300302400003241303002403030024030002002002030040040310343041304000
0001003202001000000000440130320202000002402103000000043221000003001040100300030000100010040004001000204100200013000123002142212000420004130413300341030200100320000003000000030204020101303030243014000003100430220043001001432422014002400201100010300230043024
0400100400110340040043010040040020303030030200023234000000000000020200101000000040040440323002020100400212004400100400210000400410001000000400004200021002000000033033413004001214004111210104300001303140000100233034000100132000030200020002004100413020300023
0000002003414124000000000001302400003420420024310000000000034021001040010300003000020400224400200001120004440000002230000001110000020043400004340003230004320001040331303040214100403310003402224310000000421103000001003400400142002102100101000000000000000400
0202031300300202002000300200142011410000002021100020404022204040300413004030000300403300020003200002001400000100134124000000002430020343000400103401004014000023204130304020043000010204403001100002222200000322222002002422210023000444002400034100121000043001
0022000000020200020000000033000000000000200000000002002020003000201001010100000100001000010010102000000020000000301010001131200000000003040011031010100202003020001002000110011001203220333033300000000012000001000022334330440000103000410230200303004004140000
0202001401101203300300400003000000104121122223333444200000300030000001001202403300400000001001202000000202203004004000000002020000001003124344424001001111030000200011002300441000003010020003200000010203304140000010200304040000103010333420000000003334300030
0003100033004000000022000403000020000103040000000102330400300040000112000444000000223000000111000200000334001000022300000001120300111320020003102330400000131043000002200000000023000000100343300200023440001123000000002023440300002030000010030400000200400030
0201034000001003000001200300001000112334000012344000000034000030300303310310000303001024000031233001000430023040301133300000021003123340000000000011144000300003000003400012034000120340001200300010230003200203040043031321030000000000000000000003303000303003
0000002202003044000000101302203300000004143403403200000000000003003012000240100003012000040100000001002020200004212130013402010400100301030200000301010040010340002033400000130030033314000301032002042100003100004200420200421024001010400101314130010323133401
0102000403201310034003010000033024203000313030030302200400000000034200002340000134000012320000120400200100002040020010400200010230100130130230230200200202201201030003113000030444430010202403104400000310042000033100000400021040040001031034042040300001014033
0302030400300402000200401040100402313001334224300003211004333003000200434000043400032300043200010011132002000310233040000013104300230300020120030224300040120300000013013000000001300200000000131000014000140100410000140001430000010423142020000000004030444103
1003400200300200100040030020000030440023002220410440000002232332000000010000220043311004220042302012130300000401032320140300000220000043000010041301004402400000000131243001232000003031032000003000401030100113000401000330003033040301002210034313030302020000
0021203003000120400000032123002002001400000300040040010200400134201000000000000000000200000000001002004020020401203004010020400021003030332000110030113333333443040003000000024400123300103000303004302031032001203204012101002000000000300030003000111000110202
0002303300030031303030333133404030003010044000400000020004200024000020000400030000400024003340210302003030040000010004100002003000000023000001031020020103134123100402000030101402100330103402302000140034000130414000023014002004011410100034003010000200024043
4002002330001043030203434433000000000000000102103303133103003034040331303040214100403310003402220000022000000000230000001003433000001301300000000130020000000013012413410204230033302310303330030000300130210300431001001000000332013010304010223100000000102332
2000312030000130400103100000344010003010140030004300000003200030240233013230131030300301022010043000301130323442304303000003003000043000404040040304030230102023010040020000120000230003400004302300432042232324032310034303230004003002041030030420333200403000
0110340212044002204010330201034013000201020243400032000020001011104031040000400003100031040210400000000101223300000000002000221230300001043033200300033020100300421003000004230012021000000003200000000011020020230340400104000021411003410004010004010004003024
1000001430020320030403400020000022014011030200000000000430440033000230000024000002401240020134004202042022410204102041020310203444433200000000000111000441222000030333043002001114111300040102000400202020000100430200020100020420000001000401000033000010200043
2000012000010140010044000340000200303230302014301400130022000203431000000042110300000100340040010200023440001123000000002023440310000140001401004100001400014300000030013021030043100100100000033030304040400000000010120402030330100000040240200000402402000000
0202200003004001023201004100100220400014002314103240004212013120000010002401200240020000000013001020004004102100000310200100030401120003003220000044400013100000300233000040022002043030013301034141020203030004000000000200000001020004030400432313033020040301
0144031003000003004003340001003210000003202000000420020004004130401033000440000000000011200223004000200430040002220011002000203400320000420020030022030043031014303004002000200200104003001000101000003001003201000321000021001003040001320420003220300100404000
0203420300031303001013000023304030402012002011000000404003332001024000000240340000002403400010010004000430003200031000200001003000002232113310030001214112320000000000203142031400100000101042330000000000000100000002223333444430023210300034040303020000002000
0002000300000000000003000003000004020002000300030104010401300230420021021001010000000000000004000000203000001003040000020040003000010423142020000000004030444103320130103040102231000000001023323010000004024020000040240200000040100301003010200402004000020043
0022400000401130000030003000002304003000030020300100002001010034000001242300313003044100004420031020301033012030300040020140003004221004321004420000420000200003013000000000024002401300000000303303111040030340030303042303032020044000011003400000320334303001
0000000101001200120012000300030000402103320033004022002023300003041200040100020003000002401043200020201140240020042130221102230002020403330003402300432401000202010043200004000202330100402300040001024030100000301402000000004013413000040303010030200030031020
0304303020100400030003000000030012103004020220200000003030201000000200101002024141303004000000000004040302202021010000002000403313000000020202000001004130000000232030034020221210202101203020120002400002420100000003030300030400000201001102002023001014000000
1400203000400102000014002030014020343200301100000300002001102304020203130030020200200030020014200201034000001003000001200300001010034002003002001000400300200000200031203000013040010310000034400202200003004001023201004100100200224000004011300000300030000023
0241040303023201200000432020031033011000000000340123001000000000031002000200030031002000200023040002030300000000000000000000020200420001010402000210031000200030303320003000003013400400303200000020004200030100402104021000300003002400000302400400002300420001
0023030103030143211031203400102300101000143000001010000430300241211102001004101000414040000304003013300043300123201140001100004101033130334040240002030310033010302011000101300000030000000004300000304102102221000321100321202010000014100230203004304000300200
0114300140100022000001000003402034033120000003020000040302300034030340101010002020202020004010103040010200001020400020300001043000104323000104432021231200033012100100200300401010120040033300204012202220224113401340133213300330034010220030300004100042000011
2102000300242140000404300232010010000000000000000000432110300001114100000020211000204040222040400011233400001234400000003400003030440023002220410440000002232332100030101400300043000000032000302040001400231410324000421201312004003000030020300100002001010034
3301100000000034012300100000000040010030020003222024232101022120030000230340031033202200000032000030301030013330200030110200400010003020401030300040203002340001024004020004000010003010012000402404132023131201004333230200040031010000040020310100200400001001
0344030403032303043302000000130033400303030233430300040033200003442100330004000000000000100001104010040120300010424302000003201000000001030003000310031000100310330403004443030433330301202030020030002000200014000300020201030143311000000242310101110403402000
0002040002000300234003220000000433003400230200310403024323000002000304200000030423310300040024423240030202040200130000100030104323000004000000000300212300000300330033023032031023002301330420140401001303000104030001030100010233000441014000440133002000103003
0004030020210200000043403301001043023301343333310303300313303023300413004030000300403300020003203003033103100003030010240000312300000001000022004331100422004230240233013230131030300301022010040000100024012002400200000000130000000124230031300304410000442003
0310020002000300310020002000230403000023034003103320220000003200020012040003000103000204000203010003001000000400100000040020000010020302002102030303411223000004301030300040301000312030323000040011100000440100122230000000000203000210422304230303040340104420
0320430003120003030323110000000034012001400100000000000000030020201010200304000000001022030440000100044002010000002120002030023042100000030233011300130303000320300400301031210230003000300320100024030001100341011001410113004001000002140130003244310030034401
0400010103021343030303030300001030323014300100002100004300034032100003100004300000000310000420002141210121414142020202010101013200003203103410032203032203012400000031303001000001104410034300320000004040040004030404030303003030001210300230403000120000010023
0000130302002003041303030210000330003012310221304330300000030040000200140000010013412400000000243001000430023040301133300000021020121303000004010323201403000002300030113032344230430300000300301020004004102100000310200100030410203010330120303000400201400030
0002030300000000000000000000020200303010300133302000301102004000000300100000040010000004002000000340033303411331030003000000432300400204042020000000000004042023000230040001400000020030200301200203214013030332042103030002220100000001020202033040204020033013
0000020400004000003020000110000300230300403000330103001400003023024000000013013000010012400400000300002101212000242204222020000000000012010013200303030103000020230003101200403000330000003210000002111112222333344440000200000040012011000000303030303410240033
0400011000000302000004030400000400011220000010043000000210040000031200200000000003000431012200320031002000003000104000204010300340021420010300004000142003020000001030303000004203000004202000000330233300000420101000040300000003000030240002013000440200303012
0002003303014013023010000000000001043040003003002040330020302004300203430004001034010040140000230312334000000000001114400030000320000043000010041301004402400000000430004040400403040302301020230112000300322000004440001310000004221004321004420000420000200003
0042000101040200021003100020003010003020401030300040203002340001100203020021020303034112230000040040020404202000000000000404202303000100000300030200020000020002000000000000000000000000000000000200200300300001002002003002003033000003402300020433030301432000
0024020020240000202000303030003000020203000010103000010102000030200010310003303000400003341000314203002040000010101010203002023400103330003200403130343020330310220031000000001032031030040000300032300000002000313420000030043103100000401040103000420002040104
2004000430043040204030003000033000000000000000000000000000000030200030010043000000210040004003304030200040302000040210000401003001300024300210004300210000340222000000000000000004433222000000300131410140000030303420243010022000000000000000000000000000000030
2301333320004030000000001100002200001210000434000000002230000030204130304020043000010204403001100000034000120340001203400012003000013124300123200000303103200000010040020000120000230003400004303002330000400220020430300133010301300000000002400240130000000030
3033200030000030134004003032000002400402000400001000301001200040301030300040301000312030323000040002300400014000000200302003012000000000000000000000000000000000000230413030202000100410000100433333133033332323231303030402040300140014000020002000003000400334
0400300200030300000032430200031443033004024303030300031304022303000040200403010040010040201003010300440230030133022000130413030033440002103443001422440101122140000404010003042000230321030103030020000130040200002012014204030224022114001310002020002020003030
0003103000103140000034040201030402400000000042130303023003030303040030011000000032021200014033003333434300000304040003333343030000004001340012000100020001000230331134201203201003321303121303000003020041000130002012040003020003030000030400040323344001021330
0040100200300000002000004010020003024000032413030024030300240300000222220000032222200200242221000010230003200203040043031321030030004010301001130004010003300030230043204223232403231003430323004141020203030004000000000200000033031110400303400303030423030320
0020004200030100402104021000300024041320231312010043332302000400001110000044010012223000000000020203214013030332042103030002220102002003003000010020020030020030333313303333232323130303040204031000400300003003000030020000300243100320430000000000000000210321
1000440000201102002030020300304002324030333030303230341031303033030000000122334000000000000001120203340230303040200040240100040044030003100010410200030420000002400402300020003010403000402000330300030012023033004000000010012000023000002400000240124000013400
0303101010101000000000000040404003100020000000000300043104220030232302021020320200202101002020020020002400013030204020403032300413331030103324001400130002000201103000000020421040000003204200030344433000030110000000444320000020001030002000033430333001332000
0302010000021403004040200003020102002002030040040310343041304000230004440024000341001210000430010000000000000000000330300030300333040301002210034313030302020000040030020410300304203332004030000102000403040043231303302004030120044000011003400000320334303001
0300240000030240040000230042000131010000040020310100200400001001030002104223042303030403401044200000000102020203304020402003301333000003402300020433030301432000001400140000200020000030004003344310032043000000000000000021032103202300002413001013001111030411