0220033003400440000000000000000120044000001002200400001100330040200000100340010234000012004000000400100401004004004001040010042204012001000013020000023000040034300000130000003300000240000022233010010000000000013023010000000000041301000003004000000041432322
0000000000000002000000100000020030310000000000332020202010030022414000000000041114000000000102020000000000000003040000400102040200041000000020320010304010204000421030030040000300000103240200034200030003103010400042000200000000242300231323002220124320202024
0030000402100042010004201000020004400010004400021100000021100022000400300200100200000044043032020000000000000000000000000000002200000020020030410000001011022033000122300000012240000000234000220110340012044004204010330001034001240010000003030040003400230034
0000000401001202120012000300030000000001000104200140130034024020034100040000200201300402000010000300400303120200000020130200002200000202000040020030200004100003000402032024000020200030300000020402320202000002020232430202001410024302022203040222320400023240
2004400000100220040000110033004004012001000013300000023000040002000413010000030240000000414020034140000000000414440000000001023242103003004000000000010021020034003000040210302031000420100032300000000000000000000000000000000301103403423420022040103300313340
0000000400030120014013003402400100000202000040000030200034400003100041030020010200203002030030430000000430003200421023003021000001000302040303101000004030300103233400001012300030303000000000002301020020001000020010400040010300240002002000013000240000003000
0044030200041303100030004100030340040100100200200130200400001002000000044321030003000432210000030000000000000000000030300000100000000001123203123203000000000003020014003003000400400332301001041300020300004040003303002000101110000003002000000420020034004100
0040210033033000402003230330000300101000443000001010000430303211304000030402304000000100334000033401200120010000000000000000302000200303403000030101001403033023000202030000101030000101020000304003330400400000000000100102230302324030133030303230341031303030
2000001003400102340000120040000000041301000003024000000041402003000410000000203000103040102040000440001000440002110000002110000001103400120440022040103300010340030040000014021100002013020000001001000000032032001000000032032001000004040303211000004030300100
0000100001124001230000000100000030002004100200020030200410030041400401001002002003004004000010020004443322222222100000000444333200204020400204000400104001000103130002030002400100300000200010130030013200220020010101010101300422022121120201000100000000000000
3401200120010000000000000000004040010000303040110000303030000000001040100300030000100010040004000000000000000010000010000100101000301200024010000301200004010000000000000000001000000000000000001040310400004000031000310402104020003300044000100000001120022300
0412000301000200030000024010402001010200100410100041404003030400442100330004000000000000100001100000102003040010000010220304400002400000001301300001001240040000000030310003100000400003041000010000402004030100400100402010000103000000012233400000000000000112
0400100401004004004001040010042241400000000004144400000000010232044000100044000211000000211000000000000401001210120012000300030310004100002001020320300203003043000011111110000000000000004400240010010010010003004004004004010340040100100200200300400400001002
0000011123333344030000012223333110010100300303000100001003020030004021003000300040200020033000030040001233000000000002244001100040010000303040010000303030000003040210003300000002000430010000300101000240000011310000401200003444202030400010113030410203000020
0411000000400033000100003043300004123003310002100300000240104020400020400020000300010300014200230000000000000000101000001121200000013004000030040000300412003002100200400002040100300401002040200000000001223340000000000000011040002004100400020200410020002004
0020004020043010340110020100020300133000233001230011200011000011101004002030000041420200000304130100044032010000302100000030023000003001300100003402340200000003420300103000000000000010204202342300420033000332022002100113030022033432103030400030200431303402
0401200100001302000002300004003442103003004000000000010021020034011034001204400220401033000103401000410000200102032030020300304323340000101230000000000000000000004100020004100010003000410003000000000000000000000000000000100013000203000240000030000020031310
0010100044300000101000043000021100200000403000030101001400031042040210003300000002000430010000300040240200000014024020000302024210403104000040000310003104021040300100000000020023012003030030220000000000010040043103214201210420220000030400040000030301031003
0020010010000200100102002001001000030000012233400000000000003134004200031004103000410002001000200000000001000110101010020202302200130300000202000001010040010040210000000040003320001100000034103030000001303020000000302010000000320000440013130022000043001001
0200040230000040200040240100040201030100001343210002000310001032000000000000000000100010001000104210000303022013100210000000032200030011010013210303030101000020003003032002001001000400400303003344000114344200132241000312204044030000120202430402000122020002
3000001300000033000002400000222300300004021030203100042010003230030040000014021100002013020000000000111111100000000000000044002400410002000410001000300041000300000102000000040102000102040030331001000040002002040040002002140434012004003130000000000000300040
0001004000000403410000020043100302010000000030240201000031202000011100030040003200010000004300000040400100004041010030202131000003001023030400103000402233042003002004004000020040313200200100103210000002341010010124003000322330100120342100000020240220120020
0300100040003400030030103030330401000240120100103301300000300200000000000000030200020101303030220000000001100110012032003300330000203040000343223303031400000101240001000000024400123030400000004210000000022000100013000000032300300200200020020010400330100030
0100402003023232303304034020000200201400010130000003000000000400000400034243000133300001202000000004002030314102000000000000201023000310120020303033000000021003220030400000002032031030040000302302030400000122002000230001030330040340300030304020103020003030
3010010000000000013023010000000000000000000000000000000000000003100100000003203200100000003203200010010010010003004004004004010300000000000000000000000000001000100100004000200204004000200214040000000003010321000022034420100000000000000000000000100001001010
0001040000002042000103103000103100000030030001011001001001300022000000000000000010100000112120000031001000002011000003200004204200200200200200300300300300002003000000300100040110101002023210400030002040013000103100210010300300230210210101000000000000004003
0000000001100110012002203300330010000400000030001040003000302120301400000010013024004000100140240000000011000010000022334334440020000421000031000042004200004210300400203003000020020100203030200000000011020020230340400404000010000030000032100003200000200010
0004024030100000301402000000004000000041011002003003004000303020003000200320031003030302030101010024020000140200001400400013004000001111102221343244430003000000003104000000000031042000001002010020000132040400022012014204000203030400120230330040000000100120
0004130100000300400000004143232201103403423420022040103300313340010000040403032110000040303001004004010010020020030040040000100213000203000240000030000020031310340120040031300000000000003000400000000000000000000010000100101013403404000040100310003104021040
0401000010024310304120403301340002400000001301300001001240040000030003000122130030003000300031120432210023221000432210043221000402004304401103100000300430433410303000003130302000000030201000000022000113001210001200000231020202100000000000044300001010000020
4210000030340004100210000003032000030003000300030003000200020002040030014002001000100002000400240000000011020020230340400404000001040010203130001004010040130401000000000000000000001010000102020340000341000301000401002400002403040001020440000220000100304000
4030200034333201000040201003302010000014300200200004004000200200433003000002413000001003024020003100300214013010324431003002443123011011303030000000000430243033331030004010402030004200020401342400141400101002202000202003333020020000002400200240124000013400
0000000000000002000000100000020000000004000301200140130034024001000010000112400123000000010000000000011123333344030000012223333100101000443000001010000430000211000100400000040341000002004310030001040000002042000103103000103104010000100243103041204033013400
0002400100240000020000302400030100134000013000001001300000230000001330002330012300112000110000110323000240000010111003230302040200430024000004003200100000000330010304030010402100020001133030320204004100210204014110210200014020140320003001400200030304102002
0020140301013000000300000020040001330100200120120010000000300022040010040011004001004001004001000000001101100210300300400000000201000002032010100040030100000030030000300003000300003000033040421000001430020020000400400020020000014200000301130010100000203042
0302303320100100000000000000000004120003401303240000030003302022000204000200030123400322030000040203030103020000000000000000001204030113000003020000040302000004200320043004301040100020000000000003103000103340020034040201000401011310101202020202020202424040
3031000000000033202020201003002200000202000040000030200034400003300020041002000200302004100300411001010030030300010000100302003000200000403000030101001400031042020100000000302402010000312020000000003003000101100100100130002202400000001301300001001240040000
0013400001300000100130000023000000000030120023012402340043330020000030013001000004023402000000000023000300100012000210303001000004000300020001034002300123031040000300110300102030333001030000203000020300010210000304002131001230203410010230000043202022004020
2000001012004300003300000300300000011200044000000004300000110003233000000000030430340000000000000000111112222333344420300000000022200000333133020302400403030000000000000440004000000430344000442001101100030002000303043044003300404002002011000000404033332021
1310030404032022000003333023400004030110030033123000340302300004040002302300003001000443230030023032300433013010010030433000403200001200000010043000000240340000000000000000000000000000000000302043402002004212000004320003030323102020000000200300043104220032
4140000000000411140000000001020210004103002001020020300203003043400401001002002003004004000010020040210030003000402000200330000304021000330000000200043001000030011100030040003200010000004300000000000000000000101000001121200003000300012213003000300030003112
0013300023300123001120001100001100003001300100000402340200000000020004023000004020004024010004020020000201003020030200402004030000030001000300030003000200020002410000031000004202000304003000221020030020420400300400014001000012000200300032000103100020000002
1004001300200030104030004020003040302000040302010000402040303040020200101000000040040440303002020000010012023043004000000010012003400003234000013400001230000012000040000400030000400324303340210002300000240000024012400001340002400000024024100000240340001001
0000001310020042443033040000030003031010101000000000000003204010000304200000030023310300020024421000031000042010000003100004200003100023000000000300043104220032200000010043000000210040304003000400300110000200340212000140300023230002102022020020210100202002
0000000000000003040000400102040200000004300032004210230030210000000444332222222210000000044433320040001233000000000002244001100000402402000000140240200003020242004040010000404101003020213100000031001000002011000003200004204204322100232210004322100432210004
0323000240000010111003230302040200230003001000120002103030010000002000020100302003020040200403000020000200042010420004100041000303200421003200421043230124043200022000000000044004400022002100000020141011214410020041012304000230204110020020030004004010020030
0410000410041000041003130210100442002103103204204200210310320410010040021000440010040021000040010000000202203004004000000002022002002301010020400200104330003104030200303004301031000410000200004002022023410204102041023310003100040004300012103310302000010000
0304020303202021010030303000203010403102300040302000003000010400024003020004020013000010003010402141214121414142020202010101013200310020000030001040300020103000403020004030200004021000040100300030404000000003010200303043030020202024200300204010401000020001
0004100000002032001030401020400001000302040303101000004030300103002040204002040004001040010001034001000030304001000030303000000310403104000040000310003104021040030010230304001030004022330420030020020020020030030030030000200302004304401103100000300430433410
0043002400000400320010000000033004000300020001034002300123031040000300010003000300030002000200020320042100320042104323012404320020044000000000120003300000000111034000034100030100040100240000243100013100041000000020010201000020010000033221000004301010000000
0100030034010000024401000002440100403030200000002020204030040334100010000004000042000210000000000000000002333404400000111100000230130433130230230200200200201201000000000003010010200033303041204443320000000001041103044222230000001234012100100001234012340002
1303030302020201030103413000030000104300030404200001002200001014230000040000000000002323000000000000240303240010240000240000240240001223010300004000142001020000011000043002100043002130300400420000400134001200030002000100043003330330002014001402100204020200
4210300300400003000001032402000323340000101230003030300000000000130002030002400100300000200010130402100033000000020004300100003030010000000002002301200303003022002004004000020040313200200100100000003001000401101010020232104030300000313030200000003020100000
0103040300104021000200011330303200030011030010203033300103000020410000031000004202000304003000220220000000000440044000220021000003400003410003010004010024000024000022400004310000023333000000220000000222440021210101000004400330100010102010113040343440402040
0300241003000023100343003110304400023000002400100220424000013400033003100304000402002000004034200000110023004210300030400220034003002310030003034423000000143300100402000030131432000010400402000003000300020303040401000340024030003020114203040000000040104203
2020020210002004300004043020200240013020330040001002003003330040000000313032000410421041230420042000012000010040010044000340003200103010300000423330300420200000000000000000000004433222000000300013214032202204402400400403030030302000202042304000000320420000
4200030003103010400042000200000023010200200010000200104000400103003001320022002001010101010130040101000240000011310000401200003400000000000100400431032142012104321000000234101001012400300032230030002040013000103100210010300300220001130012100012000002310202
0204004100210204014110210200014030000203000102100003040021310012102003002042040030040001400100000020141011214410020041012304000231000131000410000000200102010000000000022244002121010100000440031021410101010201040001010001203100010000400001130000000003440000
4003001000300200002001400300100002114100100201400100010020030000000030314000000020303100000010200010111213400100000010200304040041000200100420000031000003000410201034000401011011100422003400000404202020000000400202020300020400101010101110100000022233334444
0001430002420000020000030300000420122002210320033003303332033023040000130300000400000303000003020010100101141414030404030303003000302330000004201010000403000000010012021000000000044024003004400003020041000030002010040203040003444332020203100000004443200000
0024230023132300222012432020202400240002002000013000240000003000220221211202010001000000000000004420203040001011303041020300002020220000030400040000030301031003301001203421000000202402201200200023021021010100000000000000400302100000000000044300001010000020
2014032000300140020003030410200230203410010230000043202022004020120002003000320001031000200000023020411002002003000400401002003020010000033221000004301010000000301000101020101130403434404020400001000040000113000000000344000001014004000301310400401400401042
2303000400000300000232122212300220100003201000040120100300100024200302000400040002001130203020220000000003344000200010433430002012040200021033043111000223003032240134003000040020100012100240334000000102041301103401001020204230023200300004042303220010102040
2000020102211400202321110402200200031000420000302004300042101001200001001000044411330021011020020000320000020040200002002001104323001040240002013020342221213011000000000000000000000000000000002002020202030404022233440004103040003030202000022420232021231002
0030000402100042010004201000020000440302000413031000300041000303340120012001000000000000000000400411000000400033000100003043300000200100100002001001020020010010030010004000340003003010303033040000000001100110012002203300330042100000303400041002100000030320
0020140301013000000300000020040020000010120043000033000003003000100400130020003010403000402000300410000410041000041003130210100401000300340100000244010000024401030024100300002310034300311030444003001000300200002001400300100023030004000003000002321222123002
0100100100100100000000000300030010000310000420000000031000042000000000200341402000000000000130240001100233004302000022000400000203000301003004030002004010401004400020200003131203020340410000322000012000010041010044000340000200000000000300020000000000000002
1403233000400302000014002030014001000030030201323004013000240122000403002021010100004040320102100003100300002002041000000410000000030330030143130230100000000000230003334000400030000000112000420040100200300400002003004210040003000400000414020042422202000201
0440001000440002110000002110002240040100100200200130200400001002400100003030401100003030300000000412300331000210030000024010402000030000012233400000000000003134010002401201001033013000003002001000040000003000104000300030212000030003000300030003000200020002
0133010020012012001000000030002200011200044000000004300000110003403020000403020100004020403030404200210310320420420021031032041000403030200000002020204030040334000230000024001002204240000134000211410010020140010001002003000020100003201000040120100300100024
1000031000042000000003100004200011030300000202110004034130000000030000401000220200003000100320230000010304000000040233340000001002300300034224010033211034303000000000000001021033031011332030040030003000204400140311000200020004020002000300030104010431300200
2034000000413020031033030110230410000000000000000000432110300021100103303133000100003203133000200000000201024130403000000000004001043020003003002020330020002001000012100004340000000022300000302002302020413002002100000224030022004002230040040030040041001002
0004003002001002000000440430320200000004432103000300043221000003001040100300030000100010040004004000204000200003000103000142002300420003100410300041000200100020000000000000030200020101303030223014000000100130240040001001402404003001400200100010000200040024
0400100400110040010040010040010023300000000003043034000000000000020200101000000040040440303002020100400210004400100400210000400110001000000400004200021000000000033003100304000402002000004034200000303140000000203031000000102020030200040004000200113020302022
0000002003414020000000000001302403000040100022020000300010032023001040010300003000020400204400200001120004440000002230000001110000000040400002310303230002320001040301000040201100403310000402224310000000421003000001003200400142002102100100000000000000000400
0200031000300002012000300200142041410000000000000000202020202040300413004030040300403000020000200002001400000000134124000000002430000340000403123201004012000023204000001020040000010204400001300002222200000222222002002422230023030244002100024300121000043001
0000000000000000000000000000002200000000000000000000303000001000000000000000001000001000010010100000000000000000101000001121200000000000010001101010100202023022000000000110011001203200330033000000000011000010000022334334440000000000110200202303404004040000
0000001101100210300300400000000200001111122223333444203000000000000001001202304300400000001001200000000202203004004000000002022000000000023334044000001111000002000011002300421030003040022003400010111213400100000010200304040000000000033440002000104334300020
0001100233004302000022000400000200000103040000000402333400000010000112000444000000223000000111000000000334000000022300000001120003101324020003112330400330101040000002200000000023000000100343000300003443001424030000003023240000002030000010030400300200400000
0001034000001003000031303300001000112334000012344000000034000000000200300010020300001024000001200001204400020040001103300000021001123340000000000011142000000000000003400012034000120340001200302010200000220402010040001021030020002000200020002000000000000000
0000002002003041000000101102203300000001123203123203000000000003003012000240100003012000040100000001300400003004000030041200300200130300000202000001010040010040002030400003432233030314000001012000042100003100004200420000421001040010203130001004010040130401
0100000203201010004003010000003022200000333133020302400403030000034000032340000134000012300000120200230101002040020010433000310430130433130230230200200200201201030023100300030344230000001433004100020010042000003100000300041012040200021033043111000223003032
0300030100300403000200401040100402300300034224010033211034303000000000404000023103032300023200010310132402000311233040033010104000230000040120000224000040120000000013013000000001300200000000131000014000140000410000140001400000040420142320020003004030414103
1001400400330002130340030020020010420000030000330420000003200332000000010000210043311004220044302010100303000400002020110000000220030040000313031301004400400000000001240001234000000001234000203000401030100013000401000330023033020101002410024010030302020000
0001223000000122400000002340002202001400300300040040033230100104000000000000001000000000000000001002004000020401003004010020402021000000004000332000110000003410240001000000024400123030400000003004002030030000200201002030302000000000000000000000101000010202
0300003000030003000030000330404200000000044000400000043034400044000040000400030000400324303340210302003030043010310004100002000000000000000301001020003330304120100402000030131432000010400402002010340004010110111004220034000024013400300004002010001210024033
4000202000031312030203404100003200000000000102103303101133203004040301000040201100403310000402220000022000000000230000001003430000001301300000000130020000000013030410100434004030302033030030000300030103213121411003002000300002010000004030220100030030102302
2300042003303401430100230000144030000000340000001300030003200000410200303430303002000001022030010000000100320442004300000000003000043030404040040304033210302020010040020000120000230003400004302002102044202003302010004003230024000002241000032420300200100000
0110340012044004204010330001034013000203000040400033030020001011104031040000400003100031040210400000000001223340000000000000011030300000013030200000003020100000421000000002200010001300000003230000000011020020230340400404000003400003410003010004010024000024
1000001430020020000400400020020020011011000300020003030430440033000230000024000002401240000134004002022023410204102041023310003144433200000000010411030442222300000300030002030304040100034002400404202020000000400202020300020440000001020413011034010010202042
2000012000010041010044000340000200300030002044001403110002000200431000000042100300000100320040010300003443001424030000003023240010000140001400004100001400014000030003010321312141100300200030003030304040400000000010120202030330100000040240200000402402000000
0200200203034001003302004100100200400044000323303220002213011120000010002401240240020000000010001020004004102000000310200100030401100000003020020042430011100000300103002040322002040030010301234141020203030404000000000200020001000304030100422010003020040301
0124001000000303004000340023003410000003002000000420020034004100200033000440001000000011200223004000200410040002020041002000200400320000440013130022000043001001003002002000200200104003301000301000003000003210000320000020001003040001020440000220000100304000
0001420000030113001010000020304200404002002011000000404033332021024000000240241000002403400010010004000430001210331030200001000000001234012100100001234012340002300030201142030400000000401042030010101010111010000002223333444430023200300004042303220010102040
0000000000030002000000000000000204020002000300030104010431300200420021021001000000000000000004000000203000001003040030020040000000040420142320020003004030414103020100000040302201000300301023023010000004024020000040240200000040100301003000200402004000020040
0322430003401431030033001003302304003000030020300100002001010004200001232300313103044100004420003020000003014030000010023140003004221004321004420000420030200000013000000000024002401300000000303000031042000044000000042003032040041000211023402000320034000001
0000000401001202120012000300030000402100330330004020032303300003041200030100020003000002401040200020004020043010340110020100020302000402300000402000402401000402010040200302323230330403402000020004024030100000301402000000004040302000343332010000402010033020
0302303320100100000000000000000013100304040320220000033330234000000000131002004244303304000003000304020303202021010030303000203013030303020202010301034130000300202002021000200430000404302020020001430002420000020000030300000420000201022114002023211104022002
1403233000400302000014002030014020340000004130200310330301102304020003100030000201200030020014200001034000001003000031303300001010014004003300021303400300200200230004200330340143010023000014400200200203034001003302004100100203224300034014310300330010033023
0040040103033300200300410020031033011000000000340123001000000000031002000200020031002000200020040000000303000002000000030000000200400003040202020210011300200030300240000030300013402400300003200020004200030000402104021000320003032200000002420400002300420001
0000000100010420014013003402402000101000443000001010000430303211010102001004101000414040030304000013300023300123001120001100001101030100001343210002000310001032002014000101300000030000000004000000004101100200300300400030302010000014300200200004004000200200
0412000340130324000003000330202204030110030033123000340302300004030310101010000000000000032040101040310230004030200000300001040000104300030404200001002200001014400130203300400010020030033300402012200221032003300330333203302300031000420000302004300042101001
0100003003020132300401300024012210000000000000000000432110300021414100000000000000002020202020400011233400001234400000003400000010420000030000330420000003200332300000003400000013000300032000000040004400032330322000221301112004003000030020300100002001010004
3301100000000034012300100000000040310000323003220004333104000120030000323320030123202200000032022030000000010330400000110000403043001030204010310020001000340003024004020004000010003010012000202101302020101420224030200203020001012000240040312100200400203001
0341000400002002013004020000100030400003040230400000010033400003442100330004000000000000100001101010040020300000414202000003041300000000000000000010001000100010000400034243000133300001202000000030002003200310030303020301010143300300000241300000100302402000
0002040002000301234003220300000404000230230000300100044323003002000304200000030023310300020024420240030200040200130000100030104023000004000000000000232300000000000000313032000410421041230420040400001303000004000003030000030220000100100004441133002101102002
0004030020210101000040403201021010010330313300010000320313300020300413004030040300403000020000200002003000100203000010240000012000000001000021004331100422004430410200303430303002000001022030010000100024012402400200000000100020000123230031310304410000442000
0310020002000200310020002000200403000032332003012320220000003202040012040003000103000204000200010003001000000400100000040020000010000002032102020000431223000004001400100040003020014000020003240011100000440000122230000000020203030010422004220000010042104420
0300400303120200000020130200002234012001200100000000000000003020000010200304001000001022030440000100044032010000302100000030023042100003030220131002100000000322000400203031410200000000000020100024020000140200001400400013004031003002140130103244310030024431
0203030103020000000000000000001230323004330130100100304330004032100003100004201000000310000420002141214121414142020202010101013200002403032400102400002400002402200001200001004001004400034000320010100101141414030404030303003000003200000200402000020020011043
0003100300002002041000000410000000000002010241304030000000000040000200140000000013412400000000240001204400020040001103300000021020101003030004000020201100000002000000010032044200430000000000301020004004102000000310200100030430200000030140300000100231400030
0000000303000002000000030000000220300000000103304000001100004030000300100000040010000004002000000040003200410031000000000000432303400204042020010000000004042023000230040001400000020030000301202203214313030334042103030302220120002001220222030040204020033010
0000020200004002003020000410000300200303403000030101001403033023024000000013013000010012400400000000300130010000340234020000000300030011010013210303030101000020230003101200203030330000000210030000111110222134324443000300000023011011303030000000000430243033
0403011300000302000004030200000400001200000010043000000240340000031000230000000003000431042200320031002000003000104030002010300040001223010300004000142001020000001030103000004233303004202000000030233000000420101000040300000023001040240002013020342221213011
0003033003014313023010000000000001043020003003002020330020002001300003400004031232010040120000230112334000000000001114200000000020030040000313031301004400400000000430304040400403040332103020200110000000302002004243001110000004221004321004420000420030200000
0040000304020202021001130020003043001030204010310020001000340003100000020321020200004312230000040340020404202001000000000404202303000103000300030200020000020002000000000000000000000000000000000200200300300001002002003002003033030303402000010130000003432000
0004020320240000202000303000000200020203000010103000010102000030000030310003100000400003041000014203001030000000000000102042023400300303200200100100040040030300220030400000002032031030040000300031040000000000310420000010020133103000401040203000420002040134
2003200430043010401000200000000000000000000000000000000000000030200000010043000000210040304003004030200040302000040210000401003001100004300210004300213030040042000000000000000004433222000000300100120210000000000440240030044000000000000000000000000000000000
2300033340004000300000001120004200001210000434000000002230000030204000001020040000010204400001300000034000120340001203400012003000000124000123400000000123400020010040020000120000230003400004303001030020403220020400300103012301300000000002400240130000000030
3002400000303000134024003000032002400402000400001000301001200020001400100040003020014000020003240002300400014000000200300003012000000000000000000000000000000000000230210030004000100410303100130303030303034340433323232222010320140014000020002000003000400331
0402320202000002020232430202001440033304004000000000001001022303000040200403010040010040201000012300420033000332022002100113030033440001143442001322410003122040230203040000012200200023000103030020000132040400022012014204000224001414001010022020002020033330
0003103000103340020034040201000420434020020042120000043200030303040030011000020034021200014030000030404000000003010200303043030000004001340012000300020001000430001321403220220440240040040303000003020041000030002010040203040020020202020304040222334400041030
0040100200300400002003004210040020023020204130020021000002240300000222220000022222200200242223002010200000220402010040001021030030004010301000130004010003300230200210204420200330201000400323004141020203030404000000000200020030000310420000440000000420030320
0020004200030000402104021000320021013020201014202240302002030200001110000044000012223000000002022203214313030334042103030302220102002003003000010020020030020030030303030303434043332323222201031000400300003003000030020000301243100320430000000000000000210321
1002430202220304022232040002324002324030133030303230341031303030030000000122334000000000000001122203343210303040003020043130340244030000120202430402000122020002300403403000303040201030200030300303040012023033004000000010012020020000002400200240124000013400
0101131010120202020202020242404023102020000000200300043104220032232300021020220200202101002020022020202420030020401040100002000103330330002014001402100204020200303020002020423040000003204200000344433202020310000000444320000040003030202000022420232021231002
0300040000041402004242220200020122004002230040040030040041001002230302440021000243001210000430012000200020002000200000000000000033020101002410024010030302020000240000022410000324203002001000000100030403010042201000302004030140041000211023402000320034000001
0303220000000242040000230042000101012000240040312100200400203001030300104220042200000100421044202000200122022203004020402003301033030303402000010130000003432000201400140000200020000030004003314310032043000000000000000021032100222000022100021210001111000112