4310000320004320000032100043000030303001000103030300100010302030134013400130002000200024001340130000000332110000004033311100000403103000020420310000002042040020003002400300300340100040120020010040044044044004024404400400400431030002043300034402230000340113
2003004020040200230000044024020300122344000000012234400000001223003100030042100410043100300032000101404340200030342424222421010040002340001030001220000124000113330000002000042100002210044210002020300000030203040000001030304003001343014001340020002300020003
0000040422131000004042221000000403000024320420400200103042043030002401400302200240140040130030020000004204440000004444440200004431030002043202004104100300310302200300430014020020040301401022011023244000020102234400000001123000410000400210032004310042200200
0101410040322010141004040202014100012240000444000232000224000122431000032002043000003102004200003030400440010202040010102020203002400240013001300330021000024002000000012221100000003222110000000310200102001040030400304203003000340143330030034024210012002002
3030300100010303030010001030203003103000020420310300002042040020310300020430020041042002003103100031000300421004100431003000320033000002200004210000221004421000000004042211100000204222100000040000004444440000004444440000004410232443000001022344000000011233
0000224000034400013000012400012202400240013001300130001300024002003401400320300140240130120020021402014030040100201403004010020102010100403030231010040303020101302040014101030303000010202030400300200003002041030440204103002031041002001033104004104200200300
0041000200421004200030002000320033100003110003300000311000330000000002443321100000443232110000040044004400440044004400440044004410232440000000413330400000102234000122400013400001200001234001230200124001300124013400230013401300200240130030020024013003002002
1403010020140240201002004020020102004000402030100010030303010110303040000001020203041410203030400410200102002030030400300104102020031001042003003000204200310300003200021002100320002100210032003210004320000420000432100142000000000443222110000044433210000000
1340134001300020002000240013401331030002043002004104200200310310400023400013300012200001240001130300300102042040020010304104103010232440000001022044000000011233303040044301021214102212222020304040404044040404010404040404404002010400203333034343343333300404
0000044223110000030042341300030314020340301401200034303322440200331000031100033000003110003300000034014314004003001402410300300100320003000410032000200421004200020012430130012401340023002340132004010002300210330010010032011300002243000334000134000024400112
0410210400002030030400330400102301220413300001313220213131313233202041040301030302040413232020330400404304040404404042010104404002010203433020100204030103020101000002442012000001423322100000042003010333140200331002003014000142100243430143103131120001333000
0024020312002002032001300200330000410243320310044131300122304100130002030430023403200013032343013104104004300320010420430031032040011240000344001324000334400112031020043200201102001000313310201113334000000111233400000002123430303004300103323330141000102040
0000000332110000004033311100000400310003004210041004310030003200030030010204204002001030410410300101410040302010141014121202014100340140030030034024013012002002000112403013440002100000230001120000444000041410004444000044400033100001410003300000311000330000
3004030430200210310020030020030020203001000102030404040020302030140301002034024020100200402002011240034001400120003400140012001301223410000001133242400202011233000004432221100000444332100000000041001310421004100433012000420004003000030030400200002001031020
0101400030203010301404030202024000240200140020020020013002003002400121400013440012340001334001220400404004042440404004040040404433110043200044300000311000422000310410410420033041041003003103203031300100010302030010402030204010020000300422103014030230100211
1341120002400120003000230013001310122300000020012230000000011233000000432321000000444331100000040042004300021003200021003100410003102040020010410304202001040030020101003020202020100302020102010034010003013002402402411300300140012200001330000224000133400113
0310300002042031000000204204002033000002200004210000221004421000102324400000010220440000000112330034014003003003402401301200200230204001410103030000001020203040004100020042100420003000200032000044004400420044004000440044034402001240313001200230012300134013
0200400340203010031103030301040020031001042003023202224200310300000004432221100000444332100000004000122000111020214420230223012320030100301102003010020030140201041030010300234103001030020410303200004210020431000421000432100011233440020001133234400000121223
0024020003023003401002400200320100000002320103020401101020304040004200431044100310002000210043000044000012440044010242044004400402000300024201240124001400134213020100013230201020020303030102412103104204320300410010420021042000000043322300000004432214030300
4001220000103000022400013340011324020000300202402010030430240001040020410302103103001020420310304210004311034422000431130433130001123304000001113444400000112233002002304301200220302243100323012030404100020302040014201030303000320043000310031004310031003100
0030024003003003401000401200200100000404221110000020422210000004303040044301021214102212222020300001124030134400021000002300011200410002004210042000300020003200240200300302021040232103432202004004032044024010220340440443400404402001320020300304003001041020
0243004301100034032400130330400232300342110043210004221004331000010140001040302303123433003202400113222000000011324400000011223331041042043003230102204103310320002402000300300340100220323030010010011332212000110122211101010030204000413133031320242040403040
4010242000030411122130023401021400420023303210132120410001204110121102002014010222203034130330320000033444242010100214441410001004203240023020223431203001030310022001000240022401040214203300134210004311304222003431100433133002200340303010102044040102010241
1122240000000314301102000012100420230341340032104134104200310420002002403331330402010330130023320000023403211010103033312100000020203041410203030430001010202010000122000022301021003032043001140031000200432004113111340230110014020040200301004020030140200401
0040044044044004024404400400400400000044444400000044444400000044404040404404040401040404040440400000444000041410004444000044400000440044004200440040004400440344400403204402401022034044044340044444424444424242000003030303030004004040440404044040400404044040
4440044400014000440204440044400044400444004440044400444004440044040040400404024343430202034343444444222414444442424242430303303040010440440400434202034342024340004400240024002430342034200440340001414000444200024203034440030440404024043234043434302020204020
0000020444444303000342424240000020100200443220240423323323324024440440040044034302404203430240444444030020322424330234242420003004040404040402034343404340434041444400304422303022240030242400344400440044044302430243044002430004404434402334302334304044044024
0000000000004242424242440003030040400434043320402334040400202020000444004440004243024200024403040044433444332400022034243044233440440404404344040440404402024040000030300030303000000030303300300440400404434302024343020203434444004400044004400440140400440044
3103000204330003440223000034011310232443000001022344000000011233020104002033330343433433333004043310000141000330000031100033000002001240313001200230012300134013044020013200203003040030010410200400404044040404404040040404404023010100301402003010020030140201
0024334300321004101430002230410040011240000344001124000134400112303030013001030223001410203020403030004423111000000433221100000400300200140110024014013003003002013310420430030041001042000104200003230000000002224040000012123432300040402020200404040202020240
4240004311204420300433100433100043302300013001240330002400224002044030411200104003302232440012202430040044044004400440044004400420330040301301403024320140140202304110020043100430202100310041000031230000123400123000312340012400303040010202020424101020303040
0030000323210000004443222000000000300140240130024040013004003401303310013430001032001043001104104103344400000122320440000012223301004140402030101414040303023141124000021100042200202110044211001300124001400234002000240013401333403001020420400204204001031030
2003004020040200230000044024020300002240000344000130000124000122000004422311000003004234130003033004030430200210310020030020030002004003402030100311030303010400024300430110003403240013033040024440044400014000440204440044400000243343003210041014300022304100
2023400000030303040000202030304000300100030020024024024003002001001221030000000122300000000112234310001230022440202002302402100004003041020210410304103002031020240200003004024020100301302402010001130000044400023400023302011200000404321010000000432111000000
2003004104220200310410420033042031313340402030201013010100002140030012010232013001200023001340120000142404004040430104040040404000420003000010041000200021003100002030400202030301040410203040400030014024033002402001300400340141433340000001212134000000021243
4210000220020331000022000033100004303302030420310000104002041330200203433000020030140300301014014000104000123420303000023400031300000444321110000244343111100000213340010020021041001042034304100200000040202010241404040301010032300200013001200020001300130002
0012234400000001223440000000122302400240013001300130001300024002140203403014012000343033224402002020300100010203040404002030203020031001042003023202224200310300323003421100432100042210043310004440044400444004440044400444004440011240000344001124000134400112
0030010003002002402402400300200101004100302030101400030302010200031020400220104300012020030400300041004300020003200021043100310000000444231010000044423111000004011233040000011132444000304122330320020001400120012000130022001210032140203301001024020040240202
2000304141020301040000101020203021042041040002104404104300210410333000022000442200043312013012004044240440104404044040440404404040302240002244000134000223000114000422402301200200300140040034020130414040203010141404030302014103302001030410300324203001041020
0022000300031304100020003100311000200444323110000014343111100000004333440000042222300000011112440240134001400124010400240013401314020100200302002014030130141402202030010201020204201410102040412003004100300310310410421041042032000042100043220000421000432100
0031000300421004100431003000320000340140032030014024013012002002331000031100033000003110003300001403010020340240201002004020020100000443222110000044433210000000010140001040302303123433003202400400404004040243434302020343434430303001300103022300141020302040
0012210300000001223000000001122303102040022010430001202003040030420324000233300002240001334001132004104100300310310020420030042013001300013001240030002400224002003200230003100310043100311031000034024004012003432404431300200241000332130043320202330202342000
1402004220030140302001044020000100000333202100320024230200302000020141403020302022140100020402004400423001400442044001410241004430304301020203030200102321334142111234240000014313110030303242340310330102042040000423400201103100002320001240324201300134412014
3104100200300310400023031044042002000030033001320022102400100302003203430043210323043304410041100030023014002004004132114001300232000042100043220200441200432100200202302014010000201200431014010000044423120000000443312010000002010040303020201004241402020101
0101404340200030342424222421010014020140300401002014030040100201003401431400400300140241030030011240034001400120003400140012001340001220001110202144202302230123011322200000001132440000001122334444222414444442424242430303303030300044231110000004332211000004
4310001230022440202002302402100000410043000200032000210431003100200410410030031031002042003004200400104122024033040210304304003000401041200402030300042010302040010100404030204034200412031111113002214040130440302003004010030100300120030330044034020022002012
3200234022300334303400140014401240001220001434000144001143000134211344402000022334440000001122434444442400020004444144002000001420002043022100000004242211000000432000232100443200044220243321102041204230432100110022344200410020143032042002004100204330300420
2400000123041042040212430104102040302031410303020300142012303040210121000030311010100303033201011002313020040100401003004020041200300230130021024020024013002002120012000140013001200114001400030001233000234101134101022401002301133304000001122434000000122334
4000234000103000122000012400011302010100403030231010040303020101003200030004100320002004210042000122341000000113324240020201123320030100301102003010020030140201310410420430032301022041033103204001044044040043420203434202434000300200140110024014013003003002
0400304102021041030410300203102000000444231010000044423111000004130013000130012400300024002240020040104120040203030004201030204033100001110003310000221004431000000123000012340012300001234001240201024040203010200403030202014103330332104310032004310032024300
1123304400000122323440000012223320020120300302002024030030200401210410010430030032042002003104100002022444000044444000004441420000240200140020034020014013013402040020310204203103001031010310300000044333221000000043211110000013420130014001300020011303130012
2020304001010203030410101020303143120323210043220004311300341000000013000023440012340011230000240201412030203022201113030402020000410043104210042004310031004300112223300000011324424000000231431003024020040240301003013020040231031002042004103100200210400320
3300000020000421000022100442100030204001410103030300001020203040020012430130012401340023002340130000044322211000004443321000000004103001030023410300103002041030002402000300300340100220323030010044002400240024303420342004403401331042043003004100104200010420
2402000030040240201003013024020101123304000001113244400030412233003200230003100310043100311031000101004040302040342004120311111100012300001234001230000123400124431030032100432100042103031340002020402041040202040404232020304013401340013001200030000400244012
0000043423131000004043311100000403103001020420400204202001031030003401301402300340100143020422010044004004400440040044304400400420041021043002004204100310300220200302003014014030140231402014021123323400010020324303000001212400320042100213341030310242003110
0201032033302020100414040202043140002200001333001124000224000033422003002411412200003200003223302030404141010304034000102020300013401340023104340124012300230042000000042211100000202411403001100410303203012041030020213330413000300140130140024014024013002003
2020300000030203040000001030304003002000030020410304402041030020200401000230021033001001003201130041001310421004100433012000420032000042100204310004210004321000001001133221200011012221110101000001414000444200024203034440030400032300000000022240400000121234
0001130000044400023400023302011203200200014001200120001300220012003402400401200343240443130020023002214040130440302003004010030102010240402030102004030302020141202040204104020204040423202030400410300002041030030020400203002031041002003002003104104200410420
0031010200432003100030043200310043300122213004310004321000421100000000443222000000404331110000000404412040404404040400404040440404132204000000213340400001021334000312300043340002300012240022340200020001400244013401230023001200110130233033024010023002042003
1402014030140200301402004020140201004140303020202010140203020200303030410201020404040020202030410320210222002031020020340203112030041001002003003104120210310320001201321003100411043200420133004210000311004422000033100042200000300044222110000004442320100000
0300134301400134002000230002000331041002001033104004104200200300000022430003340001340000244001120400300003003040020000200103102011233440020001133234400000121223302040004131330313202420404030404040402404323404343430202020402032300040402020200404040202020240
0000040432101000000043211100000010032140203301001024020040240202410003321300433202023302023420000030012003033004403402002200201203330332104310032004310032024300134013400130012000300004002440123104100200300200310410420041042040003340002430001130000433400023
0400313001042031020040401214103000122344002000112334403000012344203032300203030303000423300030300440404404244040040400204404044001004230403030104400140403010100000004043232100000404302210000002402022020000040432200000020043232000002102004240030420300432000
0020042014023003103402000301320400410002102220032004310032003300024014200230024410000024001302032003200204402410410410031030031000011340002244001230000233000034031020020200304003041040232301400012242400010122343400300001344030203000020202030400002040304000
0000040422131000004042221000000400410002004210042000300020003200041021040000203003040033040010230101400030203010301404030202024000240200030230034010024002003201401024200003041112213002340102140000020444444303000342424240000042400043112044203004331004331000
2003004104220200310410420033042020003041410203010400001010202030140200422003014030200104402000013200234022300334303400140014401211233044000001223234400000122233000004342313100000404331110000040031010200432003100030043200310004003130010420310200404012141030
0203410330333010200402030203020100300200140020020014023013013002400112000023340001400312230001240044013440044000440044000440044043000343100044340004410001431101200420230010030022341033301121102030404141010304031003102120304120330220204401403020030040401001
1200034001400131012003240014000200422424000001222334101001123440000000433221100100044124110000000002010330042004310031004200041003103001020420310300123103000020020222004000201020141100040404020024010023013003002401400401200240301400001234001240101120000223
0300002432042040020010304204303033100003110003300000311000330000012204133000013132202131313132330024020014002002002001300200300200000002320103020401101020304040004200233032101321204100012041102010020044322024042332332332402443302300013001240330002400224002
3131334040203020101301010000214021042041040002104404104300210410000003332021003200242302003020004000122000143400014400114300013420020120300302002024030030200401031030010204204002042020010310304330012221300431000432100042110000122344002000112334403000012344
0030020014002002001402301301300220204143040102030304101010203031002202231024200310002003312012000000103034444444440000000004444413201430012002340120302400230002011101201030302020000404020201013133103204010213310020021000130000100034132100000030442210000000
4030202000043000113000114400003320120130000301003010020040200301033032320230204002202000020012314310002201000321100432000002100030334444202001123314001000113331002001001401401300240130032031133030412041030304030400003030314000320042000410042104210031101300
0024014003022002401400401300300200000244332110000044323211000004202041040301030302040413232020334001214000134400123400013340012200420043104410031000200021004300121102002014010222203034130330324404400400440343024042034302404404403041120010400330223244001220
0300120102320130012000230013401233300002200044220004331201301200020141403020302022140100020402002113444020000223344400000011224321041001043003003204200200310410003401301402300340100143020422010000004432220000004043311100000020303230020303030300042330003030
4001120000233400014003122300012400220223102420031000200331201200140302432014014040240201401011014444000004444000004444000044444003002342030020400204104100041222024000220310013430240024002422134310030321000432100042000232100202310432320023132310140320202201
1123214400000013234000020012334431331334012002103100002000410410002400001301300002140232140020030000032030411400000444202100000030204341410202030114121230204001000130020222420012142202340004330032034210041003200421004100030024320240200301004010232140301301
0000004204440000004444440200004400440044004400440044004400440044040040430404040440404201010440400400404004042440404004040040404400440000124400440102420440044004000003344424201010021444141000104444030020322424330234242420003024300400440440044004400440044004
0000142404004040430104040040404040442404401044040440404404044040440042300140044204400141024100444444442400020004444144002000001400020224440000444440000044414200004400400440044004004430440040040404412040404404040400404040440404404044042440400404002044040440
0044013440044000440044000440044000001030344444444400000000044444444400000444400000444400004444404400222410010044004404430440140040404134040404004040404044040404402424404014040040440430404404044400042004400342000443044400043044144444441000000003004244444444
0000412400024444000044442000444420100440042044044004404400400440040401204040404040440404040404000440400404101004044044040040440400444004440044400441000440044001000000000000204444444444444400104444013044410004444000344400014444044004004404400400440440041044
3103000204320200410410030031030210232440000000413330400000102234020102034330201002040301030201013311004320004430000031100042200002000300024201240124001400134213042032400230202234312030010303100404040404040203434340434043404120330040301301403024320140140202
0042000300001004100020002100310040302240002244000134000223000114303043010202030302001023213341422000204302210000000424221100000000240200140020034020014013013402200410210430020042041003103002200413220400000021334040000102133401004230403030104400140403010100
4300034310004434000441000143110113201430012002340120302400230002030023420300204002041041000412224040413404040400404040404404040414030243201201414314030130201403003100020004100410003000420043000001134000224000024400122400003030104031023203040410102020203140
0000004422211100000434222010000000300100131130131004024004002102310410410030030042002002104204101022333400301021334400000021334402024040304030101010140302030201321023021110423110244301014323000300114001400230002000340014002424103012042020401224300002041042
2003004300140200200403014010220100012240001340000120000123400123000002442012000001423322100000043104104104200330410410030031032002010001323020102002030303010241022001000240022401040214203300134444003044223030222400302424003430411002004310043020210031004100
0020304002020303010404102030404000042240230120020030014004003402111234240000014313110030303242344320002321004432000442202433211004002031020420310300103101031030200302003014014030140231402014020003123000433400023000122400223400000404323210000040430221000000
2004202300100300223410333011211001110120103030202000040402020101024000220310013430240024002422134024244040140400404404304044040400310002000410041000300042004300303032014102020304040020203040400020013014323310302302302300400311233400000011223440000001123340
4210022320320422300442200043222103003041040410410200203103042030140303203033020010240301403003220001134000233000124400023400022420000004434211202020444322000021210320010421042011243003203200300202413040313030101004042322230213401340024002400134003010241024
1023244000020102234400000001123002001240013001240134002300134013200301033314020033100200301400013031300100010302030010402030204021031042043203004100104200210420421000431130422200343110043313304400440044044302430243044002430000312300001234001230003123400124
0030014024033002402001300400340101304140402030101414040303020141031033010204204000042340020110312041204230432100110022344200410000000443332210000000432111100000112332340001002032430300000121240200020001400244013401230023001224020220200000404322000000200432
2030404141010304031003102120304131331032040102133100200210001300431003032100043210004200023210024400042004400342000443044400043000011340002240000244001224000030002001301432331030230230230040030204410330432020100013040402020103002041030410300204204103002030
0032004200041000210422003100030300000403432210001024434312100100011323040000102220300000011133421340132002100130002000200014012414020140301402003110040200300304200043314101010403040020313130013104230204300213400330030042002003100004111004221020031030244101
0041000040021003200431004220020000200240130030020024013003002002421002434301431031311200013330001002000030042210301403023010021100000043322300000004432214030300022003403030101020440401020102410440443440233430233430404404402400303040010202020424101020303040
4143334000000121213400000002124303302001030410300324203001041020000023200012403242013001344120142014303204200200410020433030042013420130014001300020011303130012003200421002133410303102420031100011013023303302401002300204200332000002102004240030420300432000
2033022020440140302003004040100100100034132100000030442210000000023104323200231323101403202022014414444444100000000300424444444430104031023203040410102020203140112334000000112234400000011233400300204103041030020420410300203000022100001332030232001240101233
4003104200330400412420042042013123104240014032200004013000132023203100030043100440242101410042300030314024103043000402002300102302300043112003221024332102412120200232002004010000241302102013110001042442121100000444333232210002010140304020301014000313030102
0101410040322010141004040202014114030100201402402010020040200201002402031200200203200130020033001341120002400120003000230013001340012200001030000224000133400113112224000000031430110200001210040000000000004242424242440003030000300003232100000044432220000000
4210000220020331000022000033100000220003000313041000200031003110310410020030031040002303104404202400000123041042040212430104102020203040010102030304101010203031020103203330202010041404020204311402014030140200301402004020140200200420140230031034020003013204
1200034001400131012003240014000240302020000430001130001144000033112321440000001323400002001233440000412400024444000044442000444400000044222111000004342220100000421002232032042230044220004322210032004200041000210422003100030340031042003304004124200420420131
0400300203101040040220320200104020203000010102030400001020204000020141003040202010101404020202012003023030440201402003020020030100300100130130130034020014003010123010300140044200340231002300234001100001223300034402034000122311033400000011242344013100110330
0001224000044400023200022400012202004000402030100010030303010110004102433203100441313001223041001012230000002001223000000001123324020000300202402010030430240001202303413400321041341042003104204040043404332040233404040020202000300140240130024040013004003401
0430330203042031000010400204133000200444323110000014343111100000020000300330013200221024001003024030203141030302030014201230304043120323210043220004311300341000400022000013330011240002240000330100414030302020201014020302020000410002102220032004310032003300
0042242400000122233410100112344020120130000301003010020040200301313313340120021031000020004104102010044004204404400440440040044000300100131130131004024004002102030030410404104102002031030420300000040343221000102443431210010023104240014032200004013000132023
2020300001010203040000102020400043200004210204321000432000042301003023200113300012440011200002240101410040004020201004030403010100410023100310033000220242000210111204043030002343441010032121402103022030040300401403020020140220031001002003000100200301410020
4310000320020430000031020042000030304000000102020304141020303040130002030430023403200013032343010000004323210000004443311000000404002041030210310300102042031030002002403331330402010330130023320004440044400042430242000244030430331001343000103200104300110410
2002034330000200301403003010140100433344000004222230000001111244003203430043210323043304410041102101210000303110101003030332010100001300002344001234001123000024422003002411412200003200003223303030304102010204040400202020304102401420023002441000002400130203
0000004332211001000441241100000003303232023020400220200002001231002400001301300002140232140020030404012040404040404404040404040031041041003003004200200210420410140303203033020010240301403003220113230400001022203000000111334220310003004310044024210141004230
0201410030402020101014040202020100302320011330001244001120000224432000411103032100004310004421002030304101020203000420102040310003401200114002300120003400230012003003344211030202044332221100000400330104102340030012430200104100140240140140130130022014002012
3030400440010202040010102020203004102001020020300304003001041020310410400430032001042043003103200042004300021003200021003100410042100043110344220004311304331300000002340321101010303331210000000044433444332400022034243044233441033444000001223204400000122233
4000104000123420303000023400031302401340014001240104002400134013003002301400200400413211400130021002313020040100401003004020041202014120302030222011130304020200203040414101030403400010202030000320210222002031020020340203112020032002044024104104100310300310
0002010330042004310031004200041043100022010003211004320000021000000003203041140000044420210000000440400404101004044044040040440410223334003010213344000000213344000113400023300012440002340002241340132002100130002000200014012400303140241030430004020023001023
2003023030440201402003020020030101014100400040202010040304030101203030410102020300042010204031000410304203102030020010400304204121041022043003100104300100320020003130323004201340043210311000103220003311010021100042220004210000000043332200000004444311010000
0240024001300130033002100002400220031001042003003000204200310300400112400003440013240003344001120310204002001041030420200104003001123304000001113444400000112233202030414102030304300010102020104044040440434404044040440202404001004140402030101414040303023141
0000044432111000024434311110000014020100200302002014030130141402320000421000432202004412004321000030023013002102402002401300200200410043104210042004310031004300134013400231043401240123002300423004100100200300310412021031032000011340002244001230000233000034
0310300102042031030012310300002030334444202001123314001000113331302043414102020301141212302040010044400444004440044100044004400102024040304030101010140302030201200000044342112020204443220000211402014030140200311004020030030402300043112003221024332102412120
0030010013013013003402001400301000410023100310033000220242000210034012001140023001200034002300122104102204300310010430010032002040002243012240000344000230004123031020010410303003002031020010410013314400000423230002021112240420203001020202040111114000203141
0000000122211000000032221100000000320002100210032000210021003200031020043200201102001000313310200201010030202020201003020201020100200230430120022030224310032301000122000022301021003032043001140000303000303030000000303033003012400002110004220020211004421100
2133400100200210410010420343041020203001020102020420141010204041200202302014010000201200431014011200120001400130012001140014000311222330000001132442400000023143000000042211100000202411403001100012013210031004110432004201330003102002020030400304104023230140
0202220040002010201411000404040200200100140140130024013003203113000130020222420012142202340004330000000000002044444444444444001032102302111042311024430101432300210320010421042011243003203200302000433141010104030400203131300120023200200401000024130210201311
1230103001400442003402310023002311120404303000234344101003212140003003344211030202044332221100000031303230042013400432103110001003102001041030300300203102001041020231014040113141403003010000010020013014004104013103012401401300011400011330002330001130001130
0310200102001040030400304203003032100043200004200004321001420000111333400000011123340000000212340034010003013002402402411300300120304041000203020400142010303030003100020043200411311134023011000440400404434302024343020203434413001240014002340020002400134013
0200000040202010241404040301010020030041003003103104104210410420000004442312000000044331201000000001233000234101134101022401002310030240200402403010030130200402041030320301204103002021333041304210000311004422000033100042200000122424000101223434003000013440
0024010023013003002401400401200230304120410303040304000030303140003203421004100320042100410003004444013044410004444000344400014403001140014002300020003400140024020241304031303010100404232223023104230204300213400330030042002000010424421211000004443332322100
4001100001223300034402034000122321030220300403004014030200201402040033010410234003001243020010413220003311010021100042220004210000133144000004232300020211122404002001301400410401310301240140133030304102020304040420202040014100410043000320002004420032104310
0034014333003003402421001200200200000443222110000044433210000000303030043001033233301410001020404001220000133000022400013340011300320043000310031004310031003100140200402003010040200301402004014400440004400440044014040044004433403001020420400204204001031030
3230020001300120002000130013000232000042100043220000421000432100020100403030202010042414020201010113330400000112243400000012233431031002042004103100200210400320003001401301400240140240130020030030004422211000000444232010000030203000020202030400002040304000
4030140000123400124010112000022300320042000410042104210031101300243202402003010040102321403013014404400400440440040044044004104424103012042020401224300002041042134013400240024001340030102410240310000411100422102003103024410102010140304020301014000313030102
1103340000001124234401310011033020031001002003000100200301410020001402401401401301300220140020120000004333220000000444431101000020203001020202040111114000203141000114000113300023300011300011300041004300032000200442003210431020030140201403003014241200201003