2000000400022000000400212000040400400042004200020002000104010401042020004101000010000040000003100002400013000133000300002400022200240020401040022000004002000104000000111100023100044400000004330400210003300002400100004300100042000104000004230010300000010223
0041410000420202000303000004141000130130000240020001240001031322040010304002040210300010300002002210000022221003002122100303214320004000040110023200030000401100000102042040000301031033030000240003030200000040413000000000202002032123222323002000210333104422
0010204000103042000203000002040400000000000021100000000044332204000000010032003000430000010001004203041031010300203002001020012200000403020201020000000000403030000004003402300130020010000000222040400000110300000001002030040011000000000003030000000000004400
2002004000300003040100200320020004042030010303030410000030410222000000000000400103024030240201400100000143030000230000000120012200000010110210240200300400000000443214024321100442110044221104140012030212040222000232000242010041024303020304024402020002020400
0040004200420002000200010401040100240020401040302000004002000122420001040000042000103000000304040400103040020400403000103000023000010204204000000103103000000000001020400010102030020300000234344203041031010300203002001020010320404003304133030000010020103400
0404203301000003041000003041020300000010110210220200300430300000410041040001020042000003000002032002001102100200110140303000000004000103010040410030002004100413004400330022000030303430032001100320020002004020001002004030001320000003320010032300010004000220
0204032000410302000040000300002300001000422100030330300020004331001300301000331003301000200000332000320000010000000030304200043200301000030403004313002401000243000003210000042100000411400000420401300000032300000321401000034310000000043000000000410030300003
0003001233030040022404130000030342000000000043043002100000301003000000214300123000000003030044031030020010000000000000000000233300000303000000000400000001420003414204142020410203042030304303340203030000001112233344400003030012400430303030303132323333333400
0420200041010000100000400000031042000104000004200010300000030404200040000401100032000300004011000000000000002110000000004433223220404000001103030000010020300400010000034000001123000000012001000000000000010010020023014014024004000300010040020030002004100410
4000040000410000100001400014000010400001042000110310430000103204000010004221000300000000200043311010101010101011000000000000000000120004000122300000002330000000040130000000231100002340100003400201011001013104030131110301041000003102013101400030003000003000
1030020010000000000000000000430300200320030000300320030000300430010000030100000302000004022000040000000000000010000011111112000003000020040002300001033000110440003010301300031003013000300000134000000240002413000130000002000000000010000030100041000002000003
0004204000203100000103000003103000040104000000300021000200032000004332111100000003211000000000000303004040000010000210203303004000120000034000034000000012000012341241240230034034004000000000201003004100300410030041003004120304020000041000003040030300002030
0002400013000133000300002400022204001030400204004030001030000230000000000000211000000000443322322002004000300011040100200320020341004101000102004000000300000203000010002401340040000000023013300304000000102003040000001020030200001000422100030000000020004331
1400020400310000233000000002030330000402020030201000014000000300000300123000004002240110000003030200110110000000000000000440440000200320030000200320030000300433141024000000000001020203030304003011000002402010311301000040240230010033000000044000000002300420
0400440021000034200004303010300300040040302031100001030000031030030000003020201000030240000000023001000000400230013000004002400100000000000000000000000000000003000000000110321043200330040000000102000004100000304003030000203300003000000003000000003000020004
2340001200000000300400002344000440430200000403020000040030200000003203200004304310000000420000030030000020000300030200024001401000200104000400203104002000040001222223333334444400000000000000302330030300003002030000300001030020233021303030203021303440301002
0024002040104002200000400200010400010204204000000103103000000000204040000011030300000100203004004100410100010200400000030000020300440033002200000000043003200110020100200041000400004000030000202000320000010000000000004200043204013000000023100000234010030142
4200000000004304300210000000300300000000000000000400000003423022141024000000000001020203030304000011211000000010004000000131300240000002400024130001300000020000003200033000410010000103030130220000000100011000200120012002240220300400400030040040043303000001
2004000030000120230000100400001201000000041000003040030300000002000000000004000404000040404040400300000020201010000030301010000201000402100030200003020004301000001040030020010403002000000010224300300400000003104300300400000000030000003003130300000040002001
0020004100000020004100041000300220003320033103034000404000003022003020000403000000413000002410000000000302312120000000000043200200000000330303200040110233120100104210410040004000000000000013220000123402000200104002000200020040030022320202212202020122020203
0000001111000231000444000000043300102040001010203002030000023434010000034000001123000000012001000000100024013400400000000230133002010020004100040000400003000020000002020240030303000404030333201400200020014001000003001400200310300203403030000000000000304303
1042002403204113300430041002003310040200301000200002004000303000010044032100003320000430001000030001101000000000000023130200000001030043400000103002402013033043200403001000012003303010040000123210000012301244010000122000310010104310303000402020042020330024
0324000030203002000003003020400300300300000003100132300240014030000000000000030203000000000000034200000042002000020440300004200240004000300243000304040100004013430004300043000430004330343000030000000004312112000303000043200300000400400300200200100030300000
0000001010001022340003030001022300123340000234000000040000300001002300030310000320000343034002030200030020003003010400301001003203010324030030304402402000003133441303030000001000000000202014443303220030004102030010002003340034000033303032043032333031323400
0400210003300002400100004300100042030410310103002030020010200103000000000001001002002301401402400304000000102003040000001020030220003200000100000000000042000432140020002001400100000300140020030100004001002302030103004303032000000000000000000000111111120000
0300020003004200402040104020001031000010330000212000000010403424300100000040023001300000400240010110110000000001030032001101000000020420400001042040002042000000030000302020130100003030104030200010000002300010000100304012000020030120010141010000043010101043
4200000042002000020410000004200200240030001300002413000024303120030000002030400001020400001020301000001000000010432000432100000100200001400303001000014000040020023003310002000400401000303020200000000110002333000440000000001000100001000000000003000430004200
4141414141414141020203030303030330002431000120000401000034303421021200012400041103100300030003000040003200210020400040003000214010000200034003012320020403020200012340300400000001000002343120040040302012000204023022100204000203022300041000032001000031000420
4200010400000423001030000001022320404003304133030000010020103400040003000100400200300020041004100000100042210003000000002000433104013000000023100000234010030142103002034030300000000000003043030000000000000000000011111112000043000302400024230001300000020000
0304040400033330302130023001000000120000034000034000000012000012040203000410301010403303300000300101000030000030302020101000004003402302303000100002200433031000430030043000000310430030040000002000100230131010100330000003310233230003030003041003030000030020
0000000034130111000000000041200000000000000000000000010001000100103000002042040000001030000001030000000110002333000440000000001030002013303220300014000002030030010030100030000301000200003000400020401000010300003000340012000200000010203040000000004202030400
0202101031313000000000004043040400400010020034000100200200300300011003100000000040000310431033101000302210003033100030233000031403040400000010302000000000303042244313000000001001100004433300302013400001340002000134000011430030012300020000200030002040042002
0041410000420202000303000004141004042033010000030410000030410203400004000041000010000140001400001400020400310000233000000002030342000000000043043002100000003003104200240320411330043004100200330300020003004200402040104020001003040404000333303021300230010000
0000000000000000000000000000000001000330000003210000002000030000404302000004030200000400302000002011000300440340220110000302403000004443000000033332233000000011200031230333000340004043033000220000010302040040000101011021304323004300012033000000030340100122
0012334300023400000004000000000104030000000230000034001000301222010300220000300003000200003000033000240100012010040100003400040300001343000124000000002400000230301000000040301340200000043030300040001002003400010020020030030000000402000003130000402014000002
0300014300300014000300014000240000000000000303000004040402330022041000200020032103300330034103414142020103020010000000000314102210003000000400300100030020010003420300000000000102042030403000201000031000031242020033000242020003033300000012321233000202123000
0013013000024002000124000103132200000010110210220200300430300000104000010420001103104300001032043000040202003020100001400000030000000000000000000400000003423022100402003010002000020040003030003100001033000021200000001040342400120000034000034000000012000012
0100033000000321000000200003000001420033000010003140020003310030002001040004002001040020000400032200000000443300000030302400002241030000010300000000003043030030000000003003002432204302301201000212022020200213023020300404023222100013100004310020012020131020
0001002403000300140240200303013002304000011002204230300001103300001000000400023203320002000010401000020000400000202034340002020023400000000304204303000003142340403100000200030100040230330200040004040020233032200303000000004204000000000002000024000220303400
0300001100024302000003023224300010003002030430403100330020310003031043400300010101001003230100013000200031403243300242004110003010303330000000010310200330004000302300400000012013023004000000402000202103023032304040400003040120402042003200200000042003100010
0400103040020402103000103000020041004104000102004200000300000203000010004221000300000000200043310003001230000040022401100000030314102400000000000102020303030400010044032100003320000430001000033001000000400230013000004002400104020300041030101040330330000030
4043020000040302000004003020000000200104000400200104002000040003002000410000002000410004100030022110000044000000010000044322210000000003000000000000010001000100420000203000002020000004003002230004033102200210000100010331032020300300200000004023010010100300
1400020100000204000203000102040002021010010100000000000020200424300200340040000200100030034000000004200004100013200100003100042000000003000000000000000000000000000124034000100130000300033240201001030002000000003000204004200203003003004404100000000000010010
3020004330140001020300400000033000003000000310301031030003403020000001002002033102400300040013020000302004020010200002410004000000400040003200000000042003100010223340000001123344040000303003040030000300000220020202013200100303130310032003000400002000200430
2210000022221003002122100303214320020011021002001101403030000000101010101010101100000000000000000200110110000000000000000440440000112110000000100040000001313002000110100000000000002313020000000110110000000001030032001101000001010000300000303020201010000040
2011000300440340220110000302403022000000004433000000303024000022211000004400000001000004432221002000000044002110000004300210100010100000030201000004010003000040020000003301100000040020000003300010100340010010033201010100332230100010000000011000100000002120
0100000320000001320003020321000001000030201000302000000320100403200040020000003000000400200044021100000010004420000000210003300024000232130000010000000333003000200003200004101030400100400210001300010103030200000200001020304000000300004000102301300330104022
0300001102400000022034133000301030041210343230103000300000432100000430000021000021000021042000033000101020200000100302000301003220043000402100320043313432000300100400000010033104400000010032404000000432004322000000421003040030002000020000200320000200320000
2000400004011002320003000040110004000103010040410030002004100413001200040001223000000023300000000020032003000020032003000030043340000002400024130001300000020000010300434000001030024020130330430002042040000104204000204200000003402302303000100002200433031000
0000444300000003333223300000001141030000010300000000003043030030000000030000000000000100010001001010000003020100000401000300004014202000000000000404003031414202002040100001030000300034001200020432110100000043210100010000321021003040300000303020001040302000
3000032030000023300000230000033420030000300040100301000030301023030200403000030200413000040000010000120220044010011012003400000300003402200000000031042100200000300300003011000000024300300240420220022033003301200020033303330300300004000004103000103002040044
0030014304003004030303300200210004000323031310000044003220001022410300000000410303002000000003040000230303001200000002340000012110000301000040320100043021000300140400000010202030000030103130100103040013040010320004040202010003030300100022004313023402410000
0001020420400003010310330300002400440033002200003030343003200110040130000000231100002340100003401410240000000000010202030303040000320003300041001000010303013022200403001000012003303010040000120300003020201301000030301040302043003004300000031043003004000000
2000312303330003400040430330002200000000300300243220430230120100420000203000002020000004003002230200000033011000000400200000033000204010000103000030003400120002003011300000303040030310104001200010020002200330013101000000020230100013340000011003142020200304
0300100143200401000313033130300010010300020000100010302040042002030003040200303001001020320100203002000300040313300440100040100013200330440000011314000033044000043210000300031430000030303100003340013340023102022103022300112030033000324040003000002434300303
0010001003000102343033233020043033033404300000001020303404300000020000403130140230040303230302000003100002002000041041000030033000003030000000003201401000000443013400000123012300000013402340302140212020230200002000203003430140002200203020240200000300003010
0003030200000040413000000000202003200200020040200010020040300013020101100101310403013111030104103011000002402010311301000040240200000001000110002001200120022402321000001230124401000012200031000010000002300010000100304012000020001002301310101003300000033102
0000010302040040000101011021304302120220202002130230203004040232000403310220021000010001033103200010100340010010033201010100332204321101000000432101000100003210001002000220033001310100000002024201041141114310041131014201000000400400030030002002040140103003
4003200100002002000030020000300310310100020311400100020410000000310100000303031000000020303000000013101310121112000201004100300000302003020000303000040300403000021100001001011402014220130100000010013003000000002002400200030000101200101110112400300000124023
0400224010000044013401000000401100300000043100200001032002200021030400102030000100304001020300000010202314100010000001020030400020022303300330033003300440044004004441010233220000000030000002202110000043221000000000021200020003022002320202033000000311004000
0203212322232300200021033310442220000003320010032300010004000220000031020131014000300030000030003001003300000004400000000230042020300400400030040040043303000001101043103030004020200420203300242003012001014101000004301010104333230003030003041003030000030020
2300430001203300000003034010012222100013100004310020012020131020203003002000000040230100101003003010001000000001100010000000212021003040300000303020001040302000301000133400000110031420202003040040040003003000200204014010300303044014010101010440241100000000
2204020100413120001110140212403203000000000000040412130202010020003042000220200411012103204020020000000300300320121441131032004020000000000101021124000023022202110044433110044403110004432110240030323002001201100100042404240130003000300000114233044010222203
3000021042104240002124210201400234023000000000002200334023101020100303101110321010430202010400220000030303000000210221421040100040300010010220304020212241014002420400001031030000002042000000102202024222020000320402000220010420001430200004302020241320202043
0010204000103042000203000002040402040320004103020000400003000023103002001000000000000000000043030400440021000034200004303010300320040000300001202300001004000012032400003020300200000300302040034200000042002000020410000004200200000000341301110000000000412000
0012334300023400000004000000000100010024030003001402402003030130140002010000020400020300010204000100000320000001320003020321000030000320300000233000002300000334030010014320040100031303313030004003200100002002000030020000300322040201004131200011101402124032
0002200001033000020440010000030200003020040200002000024100040000000000000000000100000010010010212000004002200301400210000440110204000010040001314001034000100400300403004033030002003310020100020003100002002001041041000030030000000000000233241100000000000041
0003030000000300000000000040000003004000031301020014020000000020000102040002030100041030401020402000004103210002040001000004300400430422000003340011000000234000403000000140300030014030000002100200100003003003002000040240010043332320100040322012020100040000
0000000000002110000000004433220400001000422100030330300020004331002003200300003003200300003004300004004030203110000103000003103001000000041000003040030300000002003003000000031001323002400140300024003000130000241300002430312000000000000000000000010001000100
0403000000023000003400100030122202304000011002204230300001103300020210100101000000000000202004240100003020100030200000032010040320030000300040100301000030301023100103000200001000103020400420021031010002031140010002041000000003000000000000040412130202010020
0000302004020000200002410004000003300140020030140001033002002300032043103300010100243010100234010001023040001002014030402003000003000300030003010033000030003000003330010000002323000434302110000000000010000200431403320044000000003200000300421000042022400004
4200042000223410001233022041000440000041010000020200000203300003303000303121300000000244430000003003010000000401402301401000003024010430130012000230310000000000234000112344000003400000000000300333032020202002000000000003030241002000204332000010000443000021
0000000100320030004300000100010000130030100033100330100020000033010000030100000302000004022000040300000030202010000302400000000200000000000400040400004040404040000000000000030203000000000000030300000020304000010204000010203010300000204204000000103000000103
0103002200003000030002000030000300100000040002320332000200001040300200340040000200100030034000002000400200000030000004002000440203020040300003020041300004000001030003040200303001001020320100203101000003030310000000203030000000304200022020041101210320402002
0000000000000001000000100100102103204310330001010024301010023401430000000310400002200300001043203003002002001001040040030030020001000001000031020304001000032000000200402004000100300303000200000004400300300220110010011000000000400000020000030003031004141004
0200400000020332010000101003004010200000003042001000000400410220002040103040003400130001040001030000000000000100020032043104210400004020010400021340200100020014100000010004000004320000021100200300403004000200202000004200121003420303300210021100000400344003
4203041031010300203002001020012220003200000100000000303042000432000000000000001000001111111200003001000000400230013000004002400103000000202010100000303010100002420000004200200002044030000420021000001000000010432000432100000100000001100023330004400000000010
3000240100012010040100003400040310000200004000002020343400020200000420000410001320010000310004201100000010004420000000210003300000001202200440100110120034000003300200030004031330044010004010000013101310121112000201004100300000000003003003201214411310320040
2000004002200301400210000440110200010230400010020140304020030000300300200200100104004003003002000000040410100424200000202000003003103404030014041340000434202000201000000400201100000440330200000310334003020101040204003010104000100030040100030030400130030100
1414102030303041020233330300202002100010401040104000430032000100201010000000040340302010000000040022040002030002030002030000031000040200000301301000201020000030140000004240000010200001010300302300000100200004000300402001330422012210300030002000000000400040
0000040302020102000000000040303000301000030403004313002401000243030000200400023000010330001104400000000000000000000000000000000301000402100030200003020004301000400040003002430003040401000040130020000140030300100001400004002030002013303220300014000002030030
0000134300012400000000240000023023400000000304204303000003142340000000030000000000000000000000002400023213000001000000033300300000003402200000000031042100200000132003304400000113140000330440000030200302000030300004030040300020000000000101021124000023022202
0400001004000131400103400010040003000300030003010033000030003000010000010000310203040010000320000310340403001404134000043420200000000000000000000000000000000000003024100000404030000003020100000230004020002000401000230000020004000100400310300004033001103302
0000000000030302030300000000000001004002030303030004020103030222401030000100204010020001002003100010004304000402003001000300100230001400020304320322000300014000024000002300000240000023023000203440012334000000000000000210020003030300000000020000000202020000
0000040034023001300200100000002200000321000004210000041140000042003010301300031003013000300000130000000001103210432003300400000000104003002001040300200000001022430004300043000430004330343000030230033100020004004010003030202001003010003000030100020000300040
3010000000403013402000000430303040310000020003010004023033020004000124034000100130000300033240202000032000041010304001004002100030030000301100000002430030024042043210000300031430000030303100000211000010010114020142201301000011004443311004440311000443211024
3004030040330300020033100201000200333001000000232300043430211000000200402004000100300303000200002010000004002011000004403302000000302410000040403000000302010000040303020231302034340300000101201103030003000320130400003001303001000000000000040430300200010100
0430033003043314030300304001200000040400433000332003200001410000000003333030030202000000044040000000000002222111112211111100003000001020304140010100003020403141000000000000000000000101000011412410202430204002000002300003440022302300040020042000000000001100
2040400000110300000001002030040004013000000323000003214010000343400000024000241300013000000200000102000004100000304003030000203343003004000000031043003004000000000000000431211200030300004320030000000110002333000440000000001000204010000103000030003400120002
0040001002003400010020020030030000040400202330322003030000000042100103000200000000300020400420021300010103030200000200001020304002200220330033012000200333033303334001334002310202210302230011200010013003000000002002400200030000303230020012011001000424042401
0003100002002001041041000030030000000000100002004314033200440000000440030030022011001001100000000310334003020101040204003010104002300040200020004010002300000200110303000300032013040000300130300400300300200040030020010200100000030004200032040210301042000320
2100000000413202001303044300002100004000000033240000002232000021300004013002000034010000000230000020030200403004040001000020000100020200002331020001031000304200430000003000313430002003000020100403001004040200000403022200010303030302022030010000000011010030
1100000000000303000000000000440010000000043000000000410030300003000000100000301000410000020000030000300000000300000000300002000400030000003003130300000040002001000004004003002002001000303000000010000100000000000300043000420000000010203040000000004202030400
0000040200000313000040201400000204000000000002000024000220303400030030030044041000000000000100100000030000400010230130033010402200300004000004103000103002040044300330003240400030000024343003030010120010111011240030000012402330003000300000114233044010222203
0000000000023324110000000000004100003200000300421000042022400004004000000200000300030310041410040010003004010003003040013003010004000100400310300004033001103302010000000000000404303002000101000003000420003204021030104200032000000042020304000001020304102000
0300433012030301020300403023400000200002400024000240102401024010030003000301031204101001201232200002000300104022004301003220001040002040030400420010300244300100400000240400030200013130002014300000000000124020400000200121030003341000200243331440200000000000
2002004000300003040100200320020000030012330300400224041300000303000420400020310000010300000310302340001200000000300400002344000400200041000000200041000410003002000000101000102234000303000102234141414141414141020203030303030302021010313130000000000040430404
0300014300300014000300014000240003000011000243020000030232243000302000433014000102030040000003300300001102400000022034133000301000300143040030040303033002002100001000100300010234303323302004300400224010000044013401000000401130000210421042400021242102014002
0003030000000300000000000040000042000420002234100012330220410004020040000002033201000010100300401414102030303041020233330300202000000000000303020303000000000000043003300304331403030030400120002100000000413202001303044300002103004330120303010203004030234000
0002100443030300021004430000000230030030020020020003003003002003200400040200020044000002004000400034013304000001013001030004013000103000230320440002020402000204230002344030140000000000000123200030020000310310004200200043020003042334000000120400001023004000
0404203001030303041000003041022242000000000043043002100000301003000401040000003000210002000320004043020000040302000004003020000020003320033103034000404000003022001233400002340000000400003000013000243100012000040100003430342100400010020034000100200200300300
0000000000030300000404040233002210003002030430403100330020310003000030000003103010310300034030203004121034323010300030000043210004000323031310000044003220001022330334043000000010203034043000000030000004310020000103200220002134023000000000002200334023101020
0300400003130102001402000000002040000041010000020200000203300003102000000030420010000004004102200210001040104010400043003200010001004002030303030004020103030222000404004330003320032000014100000000400000003324000000223200002100200002400024000240102401024010
3003003002002002000300300300200300000040203004230302312130332423430203333344032103400400030044001030000031030000001031020301034001203030003210010000000422400000200000430001000000212000044300412000202020202022202020210204042023002110230020100300201033000100
0000000000004001030240302402014000000021430012300000000303004403004332111100000003211000000000000032032000043043100000004200000300302000040300000041300000241000002300030310000320000343034002030212000124000411031003000300030001100310000000004000031043103310
0410002000200321033003300341034103104340030001010100100323010001000001002002033102400300040013020004300000210000210000210420000341030000000041030300200000000304020000403130140230040303230302000304001020300001003040010203000010030310111032101043020201040022
0001020400020301000410304010204030300030312130000000024443000000002040103040003400130001040001032010100000000403403020100000000440103000010020401002000100200310000003333030030202000000044040003000040130020000340100000002300003000300030103120410100120123220
2004000402000200440000020040004043020333334403210340040003004400000024014002000010002401400000002000400011000334000000220004000004001003001000002000043304000011140002333030320000103002040003224000000140000002400010024000121303030300112340020034000000001234
0100000143030000230000000120012210300200100000000000000000002333030300404000001000021020330300400030000020000300030200024001401000000003023121200000000000432002020003002000300301040030100100320040003200210020400040003000214010003022100030331000302330000314
4142020103020010000000000314102230002000314032433002420041100030000030200402001020000241000400003000101020200000100302000301003200002303030012000000023400000121000310000200200004104100003003300010202314100010000001020030400000000303030000002102214210401000
2000004103210002040001000004300430030100000004014023014010000030000000000000010002003204310421040022040002030002030002030000031000100043040004020030010003001002000000000222211111221111110000300020030200403004040001000020000100020003001040220043010032200010
0034013304000001013001030004013010300000310300000010310203010340200040001100033400000022000400000031310040410000404000004141000302042020100000413020100000003030130000130000130000130000130000432341034123032300030103013400340023002204200210004040201000030300
0000001011021024020030040000000000000303000000000400000001420003001200000340000340000000120000120020010400040020310400200004000100000000330303200040110233120100030103240300303044024020000031331000020003400301232002040302020003040400000010302000000000303042
1000300000040030010003002001000310303330000000010310200330004000004000400032000000000420031000102004300040210032004331343200030010000301000040320100043021000300000030300000000032014010000004432002230330033003300330044004400440300010010220304020212241014002
0043042200000334001100000023400024010430130012000230310000000000000040200104000213402001000200140004020000030130100020102000003030001400020304320322000300014000000010203041400101000030204031410002020000233102000103100030420040002040030400420010300244300100
0010300023032044000202040200020401203030003210010000000422400000040010030010000020000433040000110204202010000041302010000000303000000303040000444000434000034300000011200003340000000121200034400010030400100400001304000013040003210302300003420040010040100001
4432140243211004421100442211041441420414202041020304203030430334341241240230034034004000000000202222233333344444000000000000003010421041004000400000000000001322441303030000001000000000202014440123403004000000010000023431200424431300000000100110000443330030
4203000000000001020420304030002030230040000001201302300400000040223340000001123344040000303003041004000000100331044000000100324014040000001020203000003010313010013400000123012300000013402340300044410102332200000000300000022042040000103103000000204200000010
4030000001403000300140300000021023400011234400000340000000000030100000010004000004320000021100201400000042400000102000010103003002400000230000024000002302300020000000000000000000000101000011414300000030003134300020030000201040000024040003020001313000201430
2300023440301400000000000001232020000043000100000021200004430041140002333030320000103002040003221300001300001300001300001300004300001120000334000000012120003440430034000032002020000104303043231323240324041321132324132424420144002440004000000000010001230313
0012030212040222000232000242010002030300000011122333444000030300100300410030041003004100300412032330030300003002030000300001030000001234020002001040020002000200330322003000410203001000200334000040302012000204023022100204000220134000013400020001340000114300
1000031000031242020033000242020020002021030230323040404000030401003000030000022002020201320010034000000432004322000000421003040001030400130400103200040402020100214021202023020000200020300343012110000043221000000000021200020022020242220200003204020002200104
0200100003003003002000040240010003330320202020020000000000030302030040300400020020200000420012102300000100200004000300402001330434400123340000000000000002100200241020243020400200000230000344000403001004040200000403022200010300000000001240204000002001210300
0030020000310310004200200043020020002020202020222020202102040420400000014000000240001002400012132341034123032300030103013400340000100304001004000013040000130400132324032404132113232413242442010000000000000000001000000210001000300020013001040204003000300100
4102430302030402440202000202040012400430303030303132323333333400040200000410000030400303000020302023302130303020302130344030100240030022320202212202020122020203340000333030320430323330313234000302230004100003200100003100042030012300020000200030002040042002
0303330000001232123300020212300020402042003200200000042003100010031303100320030004000020002004303000200002000020032000020032000003030300100022004313023402410000400022002030202402000003000030100302200232020203300000031100400020001430200004302020241320202043
4333232010004032201202010004000041002000204332000010000443000021034203033002100211000004003440032201221030003000200000000040004003030300000000020000000202020000223023000400200420000000000011000303030202203001000000001101003003341000200243331440200000000000
0304233400000012040000102300400023002110230020100300201033000100030303001123400200340000000012342300220420021000404020100003030003210302300003420040010040100001440024400040000000000100012303130030002001300104020400300030010000023002000000030130000000401301