2000000400022000000400212000040400400042004200020002000104010401042020004101000310000040000003100002400013000130000300002000020000240020401040002200004002000104000000111100023300044400000001110400210003300000420100004300100042000104000302230313330300010204
0041410000420200030401030004141300130130000240040001240001001300040010304002040010300010300002002210000322223020204142302120212120004000040310003200030000401100000102022040000001031030000000020003030200020040413000000000202002300303040000000030013013402400
0010204000123040000203000002040400002023300021100000000040334232000000010034003300430000010001004203041341010300203002001220010000000403020401000000000000403032000004031402300130020010000020002040400000130303000001002030040211000003300000000000000021201433
2002004000320001040100220320020004002030010100030012000130410200000000000002400403024032240201400100000140000000230000000120010000000010110210220400320100000000443211024321100442110044221104420010010010020020030030030040040041004104300102004200202300000200
0040004200420002000200010401040100240020401040002000004002000104420001040000042000103000000304010400103040020400103000103000020000010204204000000103103000000002001020400010304000320300000204044203041031010300203002001020010020404003001103030000010020300400
0404203001000003041000003041020000000010110210220200300400000000410041010021020342000003000002002002001102100200110110000000000004000300010040440030002004100410004400330022000000000430032001100020040002004020001032004030001020000003323040004300010004000220
0201002000410004000040000300002000001000422100030000000020004331001303301000301000301000200000302000320000010000000000004200043200301000030100304010002401000240000003210000042100000431100000420401300000002300000023401000034010000000043000000000410000000003
0003001230000040022401100000030042000000000043043002100000003013000000234000123000000000000044001030020010000000000000000000430300000000000000000400000003440000414204142020410203042030304303040000000000001112233344400100000014102400000000000102020303030400
0420200041010003100000400000031042000104000004200010300000030401200040000401100032000300004011000000000000002110000000004433223220404000001103030200010020300400010000014300001033101202032001000000000000010010040023014014024004000100310343243313300034430213
4000040300410000130101430314030310400301042000303340203232403204000010004221000300000000200043311010101310103000000001010100000000120004000322300000002330000000040130030000230000002340101003400201011203003004000030130201021330003004003000400030003000003000
1030030313000000000000030301430100202343330000000300343131102430010001010400000300000002002000020000000310000000000013131312000003000123020002300301033300110440003012301001030004033000300000134000000043002413030130000002030000000210320130303123300003002003
0004204303203100030103000003133300040304320100203103000300332000004332141400010001211000030003030303004340000010100210203303004000120000034000034200000212000012341241223230032034004030303000001003004100300410030041003004100301020003341000301020030330302030
0002400013000130000300002000020004001030400204001030001030000200000000000000211000000000443322322002004000300001040110301320020041004101000102004200000300000200000010000401340040300000023013000304000000104023040000001020030400001003222100030000000020004331
1400000230310000203000000002030030000402020030201000014000000300000300123020004002240110000003000200110110000000000000000440440000200340030000320322030202300430141024000000000001020203030304003010002002403000301303020040240200010033000020033000000002300400
0100440021000033000004300010000000042040002031000001030000031030030003003020201000030240000000043001000000402230013000004002400100010000000000000000000000000000000000000110323043200340040000100103000004100000304004330000203000003000000023200000003100020014
2341001200000000000400002344000100430200000423020000040030200010003203200004304310000000420000000030000020000300030200024001403000200104000400200104002000040003222223333334444400000000000000000030000300003000030001310103000000200041000000200041000410003002
0024002040104000220000400200010400010204204000000103103000000002204040000011030302000100203004004100410100010200420000030000020000440033002200000200043003200110020100200041000400004000030000202000320000040000000100004200023204013000300023010101244010000340
4200000300004304330310000000330300000000000000020102020003440000141024000000000001020203030304000011214000032020201020232101300040000002400224130001300000020000003200033000410010000100000100000000000000021000200020002001240200300401420030040040043003004004
2004000030020120230000100400021221222001311000003141040300004030000000000001000404000040404042400300001132201000010332301010000001000402100230200003020004301200001040040220010404022000000030004300300400020003104300300400000000030000003300000300000043032304
0020004100020020004100041000300220003320033100034000404300000300003020000400000000413000002410000000000004312110000000030043230000000000300300240440130230120100104210233040004020202003030313020000123400000000134000000000000042000020300000242000000420000203
0000001111000233000444000000011100102040001030400032030000020404010000014300001033101202032001000000100004013400403000000230130002010020004100040000400003000020000002323043002020232202010103021400233020044021230303001403200010100200400000000000000000004303
1040032403004320300430041330003010340000301000200002004020003000010044000120004123033410034000000001134000000000000043332200000003030040400000131000102331030040200400003000012023000040343000123410022022401234110130124101010130004010001030403020040020330014
0034022030201213000133010121110100300030003003100422200210214040031302000000000202003333333333304200033042300010120130002024201240104200303410303233040100004340432002300043000430304000240000130000000004132410003000000043233000200200400330201230100300000000
0000001012023342013202000001000000323140303214101030040000000001002300003040030322320040004000300200013000003013113400301001000200010024030000001432402000000110141303030000001010303030000014141000200030004101043141300030110014000203000002141002030001020400
0400210003300000420100004300100042030410310103002030020010200100000000000001001004002301401402400304000000104023040000001020030420003200000400000001000042000232140023302004402123030300140320000100034003032304000103034301032000000000000000000000111111120000
0300020003024200402240104020001031000030300000202000000010100404300100000040003304330303430043010110443020000043010330031404303000040420400001022343032340030300030000302000103030301010401000300012020002340310030303324011030000030140003320013030341040300023
4200020042002303020213030304200220440300004130302441333302330130030000002030430304020203031320301000131020333030212230230130003100200001400301031303014300020021023003310030303433201030103040300000000110002131030243000003031100100031003330203333300430004230
4141414141414444000001030301010330002431003400003231000034303431021200012100011303130300030003000040031200043010433020301000042010000200004300002020040403000200012320300430303001000032143422140040302010030302033323130302010200042000041000032001101031000420
4200010400030223031333030001020420404003001103030000010020300400040001003103432433133000344302130000100322210003000000002000433104013000300023010101244010000340101002004000000000000000000043030000000000000000000011111112000043030002400024130001300000020000
0032340400300020003100020033200000120000034000034000000012000012010200003410000000400303000020303131000000000030302020101000004000402002000030002002400403003000233030040000000310430030043000002020000120030030100330000002300033431003030003033003030000030000
0030000004032113300002000043200030301000000000000300010001000100101000003042040000301232020203033030100110002333000440000000001030302013000240300014300002000030310040100030000321200200003000400000401000010300003000140012000230000010203040000020004202030400
0232101001010000000000004040040400400010020034000120200200300300034000103000030040000310434003101030002230000023302000230000033400040400202030302000000000003042242333000000000001300004433300000013400001340000000134000013400040310300020000000030002040042002
0041410000420200030401030004141304042030010000030410000030410200400004030041000013010143031403031400000230310000203000000002030042000003000043043303100000003303104003240300432030043004133000300300020003024200402240104020001000323404003000200031000200332000
0003000000020000000000000000000001000330000003210000002000030000404300030004030200000400302000002011002020412300422130202024403300004440000200033332233000000011200033200333000340004040000000000000020202000040000001001022304303004000012033000000030040000120
0012334000043400000004000002000134303000000230000032031303033200010300230002300003000200003000034010342100012000020300003400040100001340000324000000002400000230101000000040301343200000040030130040001002023400010020020030030030300402000000000300402014000000
0300014000320014000300014000240000300300000000000304040404030300041003230022002000300030004100414142000303040020230000000314132010003002000400300300030020010003423330000000000102042030430300001000031000031042000031000042000030303000000310301031030000103000
0013013000024004000124000100130000000010110210220200300400000000104003010420003033402032324032043000040202003020100001400000030000000000000000020102020003440000103400003010002000020040200030003100003030000020200000001010040400120000034000034000000012000012
0100033000000321000000200003000001420003000010003140020000030010002001040024002203010020020400032200000000443300000000004400002241030000010300000000003040000030000000003003002402401302104201000232022020200203023020300303023042002003102004313000310000431000
0031002403000003140240200000013002301000013002204200000001103300004000000400043000320204020212401000220000100000202004040002020023200000000001234000000000112340400120000200030100240200030200040034040020203030200000000000004204200000000002000044000240003400
0030021100044100000000043221000010203002002400300120030020010003004040100000040401001000200120010000400033400233002212001110000010300300000000010310200300204000302300400000012013223004000000100000000101023030304040400000010100400042003200000000042003100010
0400103040020400103000103000020041004101002102034200000300000200000010004221000300000000200043310003001230200040022401100000030014102400000000000102020303030400010044000120004123033410034000003001000000400033043303034300430101020000341000000040030300002030
4043000300040302000004003020000000200104002400220301002002040003022202410220002000410004100030022110000044000000010000044322210000000000000000000000010001000100420000003000002420000004201002030004043002200210030003030430032003300130220004004220030202020300
1400020000000204000201030102000002021340030100320030303020202404300200340040000203100333034301000004233001100000200102023302042000000300000000000300000301030101000124334000103310320030033210001001010002000000033003204102200303003033004404323032300001022010
3020004030140200020300400003003000003330020310421033131100123300000004002002013002400300010010020000300004020002203232223204000000400042003200000200012203100010223340300001123304141000030003340030000300000020000200013000130300100010032003000400103000200430
2210000322223020204142302120212120020011021002001101100000000000101010131010300000000101010000000200110110000000000000000440440000112140000320202010202321013000000113400000000000004333220000000110443020000043010330031404303031310000000000303020201010000040
2011002020412300422130202024403322000000004433000000000044000022211000004400000001000004432221002000300014024102020204300410100030302000230401000004030200000040020000003301102020240030001013402000204300000200033200000000332000000030000200020020101020002110
2100200340000200120000040021000001000010201200302020001340100413400010022000023202000400200044021100003010024420000200312003301041002432300000010000300000000000201003000004300000400110100210103000230120030301010301303020004000103330004020004301000400104032
2000221124400002042201301000001010141240043400000000000002432110200400002021010021000021040000030000104040200000100302000301001220043030402101320043010402000300100400000010033104400000010032102000003432004421010101431101010010000000320000000320000200320000
2000400004031000320003000040110004000300010040440030002004100410001200040003223000000023300000000020034003000032032203020230043040000002400224130001300000020000030300404000001310001023310300400004042040000102234303234003030000402002000030002002400403003000
0000444000020003333223300000001141030000010300000000003040000030000000000000000000000100010001003030200023040100000403020000004014202003000000000404003031414202002040100001030000300034001200020433110000000043210000000004321004023320300000303020000030322200
3000012230000023300000230000033420030030300040100301002000311003030200403000030200413000040000010002103220044000011012003402020100003104200000000031042100200000300300303013000000024020000240200220022033003300220022033003300300320334000204003000103000040042
0030034004003003000300300200230004020103001010000044000020021000410300000000410303002000000003040000233000001242010202340200022410000003000040320100043021000300140400300010202230020000303233400103040013040010300002040002040000000000100022004311003200440000
0001020220400000010310300000000200440033002200000000043003200110040130030000230000002340101003401410240000000000010202030303040000320003300041001000010000010000200400003000012023000040343000120300003020001030303010104010003023303004000000031043003004300000
2000332003330003400040400000000000000000300300240240130210420100420000003000002420000004201002030200000033011020202400300010134000204010000103000030003400120002003011000000303040000033331021000000023002220320003000030000020000000003344000000033443000000334
0000123140220400000010030130000010010300020000000030000040042002000000340402303303003023000423203002000300040003000410100040100010200010410000041031000003041300043210000300000400000030003100003340041340033303002103022300140000030000024043303030002204000303
0010034001200300040000200020021003030404000003001000303404000000021003130411110030040300200300300003100002002000044041000030031000000000000102000221101000000423013400000123012300303043200341100140013000040003002000001031210120000200003020040200000300003010
0003030200020040413000000000202000200400020040200010320040300010020101120300300400003013020102133010002002403000301303020040240200000000000210002000200020012402341002202240123411013012410101010012020002340310030303324011030020200001200300301003300000023000
0000020202000040000001001022304302320220202002030230203003030230000404300220021003000303043003202000204300000200033200000000332004331100000000432100000000043210000002300222032000300003000002004200031340104200031030004200000000400400030030002002040140103003
4003210100002002000030020000300310000130023310300000020410000000310100000303031000000020303000000003013300020002000201004100300003302303020000303000040300403000020300301030000402014020130122000010013003000000002002400400000000320220003003012400300003104023
0400244010000044013401000000401100200100034000200001034300200101030400102030000100304001020300000010111223004000000001000030410020022003300330033003320440044004002441300233220000000200010100002110000043221000000000021000000000322100300000033000000311004000
0230030304000000003001301340240020000003323040004300010004000220300030040030004000300030000030000001003300002003300000000230040000300401420030040040043003004004300040100010304030200400203300140003014000332001303034104030002333431003030003033003030000030000
0300400001203300000003004000012042002003102004313000310000431000033001302200040042200302020203000000003000020002002010102000211004023320300000303020000030322200000000033440000000334430000003340040040003003000200204014010300300034013010200000340240400000003
0403033303403020000433021010403003000000002000030302033202010000303042300022230400010101201000000000000300000320421431331032002000000030030104023003000301000200110044433130044433110024332110043030301000010300030302041414043400000000002000142213344300122233
1000024040023040102103100204220134023000002000000200134023000000400303300400301010130211000432210000030303202000010201424040000020304000010220304000010220304000420400001031230000002042202001200200012020010300300200330020020400004430000004330000044310100043
0010204000123040000203000002040402010020004100040000400003000020103003031300000000000003030143010100440021000033000004300010000020040000300201202300001004000212003402203020121300013301012111014200020042002303020213030304200200300000040321133000020000432000
0012334000043400000004000002000100310024030000031402402000000130140002000000020400020103010200002100200340000200120000040021000030000122300000233000002300000334000012314022040000001003013000004003210100002002000030020000300304030333034030200004330210104030
0000200301013000020443010201010200003020040200002000024100040000000000000000000000000310010011212000012002200004400210000440110004000310040001334001034001100001300403324010000332303040323122000003100002002000041044000130030100300130003433221100000010100144
0000000000000001000003010040000003304130001001002014121000000103000102040002030100041331401020402010014320210000140001000004310200400122000000340011020000234000403021000100300010110231010104400200100003003003002000040040040040102120100040302010101403020000
0000202330002110000000004033423200001000422100030000000020004331002023433300000003003431311024300004204000203100000103000003103021222001311000003141040300004030003000300030031004222002102140402044030000413030244133330233013030301000000000000300010001000100
3430300000023000003203130303320002301000013002204200000001103300020213400301003200303030202024040100001020120030202000134010041320030030300040100301002000311003100103000200000000300000400420021000013002331030000002041000000003000000002000030302033202010000
0000302004020000200002410004000000301443020030030003003002002300000042403032030000240013302224010001121020001002034000102003000000300230003000000000300000000000004340313000002320000404002110000030003010312003431100320004103000103230300300421030042042100004
4230010000240410003200043041000400100021310000020200000203000003301002300121300000200201400002013003013030001401402301401000000044214400332012000220011000000001234000112344000003400000002001103333343000010000000000300000010221000000004332000010000443101021
0000000100340033004300000100010000130330100030100030100020000030010001010400000300000002002000020300030030202010000302400000000400000000000100040400004040404240031302000000000202003333333333300300000020304303040202030313203010100000304204000030123202020303
0103002300023000030002000030000300400000040004300032020402021240300200340040000203100333034301004000100220000232020004002000440203020040300003020041300004000001000000340402303303003023000423203101000003030310000000203030000030304230002223040001010120100000
0000000000000000000003100100112100004240303203000024001330222401430000030310400002200300001040203003002002001001040040030030020001000301000033000004001002032202000203222234000130300003000222300004430300300220110010011200000200200332043003010303031022323004
0200430000020032030000121003004010000332023040001000202200410200002043103040003102130003040001030000033202300400020032023104210400004320010402001240220300020014100023030214030014022200021102000300433004000200202003004000101000240003300210001100202400344003
4203041341010300203002001220010020003200000100000000000042000432000000031000000000001313131200003001000000402230013000004002400103000011322010000103323010100000420003304230001012013000202420121000131020333030212230230130003130301001100023330004400000000010
4010342100012000020300003400040110002200001000002020040400020200000423300110000020010202330204201100003010024420000200312003301000021032200440000110120034020201300200030004000300041010004010000003013300020002000201004100300000000003000003204214313310320020
2000012002200004400210000440110000011210200010020340001020030000300300200200100104004003003002000000312430120424200000232000203000103334000011031040000104204000203020000420201100000420330200000010302000030103010202000010402000300030042100030033100430030100
1414120030323041020203032300202022300010403040104000430032000100201012300000040340302010000000040022040002232002030002030000033000040200000301301002404020000031140000004240200010200001010300100300013100210002000300202003310402010210100010000000000000401040
0000040302040100000000000040303200301000030100304010002401000240030001230200023003010333001104400001000000000000000000000000000001000402100230200003020004301200401042003034103032330401000043400020000140030103130301430002002130302013000240300014300002000030
0000134000032400000000240000023023200000000001234000000000112340000003000000000003000003010301014100243230000001000030000000000000003104200000000031042100200000102000104100000410310000030413000330230302000030300004030040300000000030030104023003000301000200
0400031004000133400103400110000100300230003000000000300000000000010003010000330000040010020322020010333400001103104000010420400000000003000300000300000000000002003024100000404030000003020100000230004020002000401000230000020204300130403010330001033001103400
0000000000000000000000000000000001004002001003011024020100030300401030000100204010020001002003100010002001300400003001000300110030001400020001300024000300014000024023002310030200200024033102003440042334000000000000000010000020000010001000001020202000000001
0000040314023001300200100000200000000321000004210000043110000042003012301001030004033000300000130000000001103230432003400400001000104004022001040402200000003000432002300043000430304000240000130230033100303034332010301030403031004010003000032120020000300040
1010000000403013432000000400301340012000020003010024020003020004000124334000103310320030033210002010030000043000004001101002101030030030301300000002402000024020043210000300000400000030003100000203003010300004020140201301220011004443313004443311002433211004
3004033240100003323030403231220000434031300000232000040400211000000203222234000130300003000222302030200004202011000004203302000000302410000040403000000302010000040300020201000004040302020101001304003000312322400200001001103001000000000000040430320220210100
0130021000010013300300124001422100040400433000332003220001110000000000330030030232000002014040200000000002222111112211111100000020003040301140212120001040403112000000000000002020200101200011210411013410012000003000302020120002300300340000040000000010002100
2040400000130303000001002030040204013000000023000000234010000340400000004300241303013000000203000103000004100000304004330000203043003004000200031043003004000000000000000413241000300000004323300000000110002131030243000003031100004010000103000030001400120002
0040001002023400010020020030030000340400202030302000000000000042100101000200000003300320410220033000230120030301010301303020004002200220330033002200220330033003334004134003330300210302230014000010013003000000002002400400000030303010000103000303020414140434
0003100002002000041044000130030100300030103120034311003200041030000443030030022011001001120000020010302000030103010202000010402002300040200020004010002300000202130400300031232240020000100110300403300100230040030020010300100000030004200032040210301042000320
2100000000433201001001044300002400004000001003441020003234000101300004013002000130010000000230030020033200203004040001000020010100020200002031000104011000304203433003303000040430002003010120400403031004040003030203022000040320000012023030041020200041313031
1100000330000000000000002120143310000000043000000000410000000003000002103201303031233000030020030000300000002320000000310002001400030000003300000300000043032304002002004003302012301003000000000010003100333020333330043000423030000010203040000020004202030400
3030040200000000030040201400000004200000000002000044000240003400030030330044043230323000010220100010333000402000430100040010403200320334000204003000103000040042000300000240433030300022040003030032022000300301240030000310402300000000002000142213344300122233
0030013000343322110000001010014400103230300300421030042042100004002003320430030103030310223230040030003004210003003310043003010004300130403010330001033001103400010000000000000404303202202101000003000420003204021030104200032000010342020402030004020314203000
2000403014000000142302414020122110303002401004300220102401021020200000000001001111301202201202400002300300204002002301000220204010202040032400420030300311020120400030240400030210014130202014103001003000134023400000202244210033344000000223334440000010000000
2002004000320001040100220320020000030012300000400224011000000300000420430320310003010300000313332341001200000000000400002344000100200041000200200041000410003002000000101202334201320200000100004141414141414444000001030301010302321010010100000000000040400404
0300014000320014000300014000240000300211000441000000000432210000302000403014020002030040000300302000221124400002042201301000001000300340040030030003003002002300001003400120030004000020002002100400244010000044013401000000401110000240400230401021031002042201
0000000000000001000003010040000042300100002404100032000430410004020043000002003203000012100300401414120030323041020203032300202000000000000000000000000000000000013002100001001330030012400142212100000000433201001001044300002420004030140000001423024140201221
0002100443010000031204440000000230030030020020020003003003002003200400040200020044000002004000400034011001300004013001000004013300103000200020420002040102000202233000144000320200000202000120000030000000310110004202220043000000312034000000110400014123032000
0400203001010003001200013041020042000000000043043002100000003013000403043201002031030003003320000043020000042302000004003020001020003320033100034000404300000300003231403032141010300400000000013000243100340000323100003430343100400010020034000120200200300300
0030030000000000030404040403030010203002002400300120030020010003000033300203104210331311001233001014124004340000000000000243211004020103001010000044000020021000030304040000030010003034040000000020010003400020000103430020010134023000002000000200134023000000
0330413000100100201412100000010300100021310000020200000203000003100003320230400010002022004102002230001040304010400043003200010001004002001003011024020100030300000404004330003320032200011100000000400000100344102000323400010110303002401004300220102401021020
3003003002002002000300300300200300000040400204030302014130302104403200330014002000400100030014001030000031232000001031020001031003200030003210000000000122100000200030433031001010213010014303110101003000010000000000020001012003000110030000103300001034000100
0000000000024004030240322402014000000023400012300000000000004400004332141400010001211000030003030032032000043043100000004200000000302000040000000041300000241000002300003040030322320040004000300212000121000113031303000300030003400010300003004000031043400310
0410032300220020003000300041004100404010000004040100100020012001000004002002013002400300010010022004000020210100210000210400000341030000000041030300200000000304021003130411110030040300200300300304001020300001003040010203000040030330040030101013021100043221
0001020400020301000413314010204030100230012130000020020140000201002043103040003102130003040001032010123000000403403020100000000440103000010020401002000100200310000000330030030232000002014040203000040130020001300100000002300320000000000100111130120220120240
2004000402000200440000020040004040320033001400200040010003001400000024044000000010002401400000002000400011000334000000220004000004001000021000032000043001000014143000330000300202103002040000024000030140000302400012044000101300300000112340010134003000004234
0100000140000000230000000120010010300200100000000000000000004303030300434000001010021020330300400030000020000300030200024001403000000000043121100000000300432300020001300000301311340030100100020040031200043010433020301000042010300022300000233020002300000334
4142000303040020230000000314132000004000334002330022120011100000000030000402000220323222320400000000104040200000100302000301001200002330000012420102023402000224000310000200200004404100003003100010111223004000000001000030410000000303032020000102014240400000
2010014320210000140001000004310230030130300014014023014010000000000003320230040002003202310421040022040002232002030002030000033000100020013004000030010003001100000000000222211111221111110000000020033200203004040001000020010100023003002040020023010002202040
0034011001300004013001000004013310300000312320000010310200010310200040001100033400000022000400000031310040410000404000004141000004042000100000403020100200003032130030433000231010131010130003130043002320012100000300043100310003000204000240002040001030002300
0000001011021022040032010000000000000000000000000400000003440000001200000340000342000002120000120020010400040020010400200004000300000000300300240440130230120100000100240300000014324020000001101000020000430000202004040300020000040400202030302000000000003042
1000300200040030030003002001000310300300000000010310200300204000004000420032000002000122031000102004303040210132004301040200030010000003000040320100043021000300000000000001020002211010000004232002200330033003300332044004400420304000010220304000010220304000
0040012200000034001102000023400044214400332012000220011000000001000043200104020012402203000200140004020000030130100240402000003130001400020001300024000300014000200030403011402121200010404031120002020000203100010401100030420310202040032400420030300311020120
0010300020002042000204010200020203200030003210000000000122100000040010000210000320000430010000140404200010000040302010020000303200000003040000444000434000032303000011200003340000000121200034400010010400100200001301020013040000230002300003400141023020423001
4432110243211004421100442211044241420414202041020304203030430304341241223230032034004030303000002222233333344444000000000000000010421023304000402020200303031302141303030000001010303030000014140123203004303030010000321434221424233300000000000130000443330000
4233300000000001020420304303000030230040000001201322300400000010223340300001123304141000030003341004000000100331044000000100321014040030001020223002000030323340013400000123012300303043200341100024413002332200000002000101000042040000103123000000204220200120
4030210001003000101102310101044023400011234400000340000000200110100023030214030014022200021102001400000042402000102000010103001002402300231003020020002403310200000000000000002020200101200011214330033030000404300020030101204040003024040003021001413020201410
2330001440003202000002020001200020003043303100101021301001430311143000330000300202103002040000021300304330002310101310101300031300001120000334000000012120003440430034200032310141202104030341004000011001314102410102410101400124002440004000000000010001230013
0010010010020020030030030040040000000000000011122333444001000000100300410030041003004100300410030030000300003000030001310103000000001234000000001340000000000000100020003000410104314130003011000040302010030302033323130302010200134000013400000001340000134000
1000031000031042000031000042000000000001010230303040404000000101003000030000002000020001300013032000003432004421010101431101010001030400130400103000020400020400014001300004000300200000103121012110000043221000000000021000000002000120200103003002003300200204
0200100003003003002000040040040033333430000100000000003000000102030043300400020020200300400010100300013100210002000300202003310434400423340000000000000000100000041101341001200000300030202012000403031004040003030203022000040330010030001340234000002022442100
0030000000310110004202220043000001010030000100000000000200010120400003014000030240001204400010130043002320012100000300043100310000100104001002000013010200130400400001100131410241010241010140010000000000000000001000000210000000300020013001040204003000300100
4100410430010200420020230000020014102400000000000102020303030400010200033410003010200303303020300020004100000020004100041000300242000020300000242000000420000203140002030000021410020300010204000004200004100003200110103100042040310300020000000030002040042002
3030300000031030103103000010300000400042003200000000042003100010001000100320030004001030002004301000000032000000032000020032000000000000100022004311003200440000200002000030200402000003000030100032210030000003300000031100400000004430000004330000044310100043
4010212010004030201010140302000021000000004332000010000443101021002400033002100011002024003440030201021010001000000000000040104020000010001000001020202000000001023003003400000400000000100021002000001202303004102020004131303133344000000223334440000010000000
0031203400000011040001412303200003000110030000103300001034000100003000001123400101340030000042340300020400024000204000103000230000230002300003400141023020423001240024400040000000000100012300130030002001300104020400300030010000023002000000030130101000401300