0402020002000000003040202000000040000002000030100003000010000301000020000200100202120002421102002002032022103103242210010333000000200032001400030004000200010000200301030000232321000312033323030002300000000400000011000000120002002300020000203300202020002021
0002000000000000000000000000000020220002022003312011030303330000000110000200300000003311000004110000400000033300420200420033310003130200003300400001000400031001000103400303020001023000103200300100020203004003004002001202001000233300010000300303031323330300
0002020302040000002030400200000100240103000201030002000000233030301200000100004020040200024010040322400001021203024000010003100140010012003003003000000202200200000003100330002300200043030300402000010200140001400004000204000000212200031240030001230000404020
2140000200000112000000000010204000230300030000232020232000033120001303000303030302402004100003000013130003033223030303400300000400000212000310000311000423000422032003200041000300002000013041000000000200100310030004024200200001000301001010001041000000042000
4000000200003010000300001000030100200030201430010024000200310003023000000000000013300000000000040004100000003030000033110000344100012040200002030100300010040033000003010204003000203040003030010300400021001003004000010020100420000103001400312030343030340000
0200202000020200020202020202110000000210022330202331202441200442010000010210000010410000000420030400040423040203020201020001003033030010030010034003003002002000000020002002033030003030322000301003030302000300300030404232010301003031000330031000210004400020
0010000202104331040030000400300300301000230200004020302000340230023002430340000002001000100030033400000021123000000201031000200000033303020003323310000000404114000300042001000100010301001200100001040302003340020000000010400302010010240200000003010040340331
1000100304000340001100042001000300000000210022244000000000300030030003230200023403004113033004240100400420410020040002041000002000030310102020003032404000000003300400001400001002001003004003300004300004030302030011030322030013413140023000303030403130403003
0000200002001002021200024211020002300000000000001330000000000004031004010130004101020100010410000004030302020100000000000040303020000101001400014000040000040300004310010100343001010042000000040000000104003000020000300100002000131110010010104004003012002002
0000000000000000000112231234340020120141023100300121002003000300003010000302000040200020000402000002400001240000120000020000012010000331000003000000310000030200000104000000304002030000001040000040030103000400200000030103031020101000000000010101000000000000
0100400400410020040002041002004023100120010202014210040100401003130000000220000001130000000200002020010411000301003100003000001000000000100030000000000001010302001040002000100024000000040002000000043322200000000000443332110020000200300200304100004000003004
4000000110000000100300300403034020100012230000100000143042000000100400003000010004000030004100031040400040403030202010203010201000130002300004000100001300024000200030004321203000003210300000430003002000020010400100004001040004000402000000000300200400300300
2002032022103103242210010333000000041000000030300000331100003441000403030202010000000000004030302440000000000112000000000010204301001001201000033041200020044003303000300100014000000340020002002000032020002101204230002410210400301001030200100030103010140220
2000202000020221433101022202210020200103002002040030000400401020100010000200004020142004200120030020000220002000001000010000103033000020000202031010240120403001101101102200200000001001001000300301040120400002001030101113011030023010140030200003300003000044
2000302040201000310220020212202040000000300000001003103004130040200040433311101000002000200010032000102010400003230010000020300013002031002021332121032222024100030003001000400000003000200400330100040300000010030020042030240011000000244111002000204121000030
0000202120202010002022221304240230000240200000132400200130300030304100110400411011020030030022003000400420100030230024004000003203324020212130002013402020202100040002121000001000001040402010400434000202030314240003030303040101033040003010040030030020020013
0020003200140003000400020001000000012040200002030100300010040033200001010014000140000400000403000100100120100003304120002004400302012001030203000320030000400300001000040010400104003000040030003400000004123300030004334300030020111400000040021411101010200010
0202000001002024430003000300030000003040102023001013232333333030101101100200230003001301031003004040202000000302020303010200000000000434222000010001004033331101020030300333043432303000343030300000000020000300033013000000240033130102400214003003040343030200
0043000141000303200003210000040001003434303202300330003430133330000420010100033003040300300002204001000103031003004001000203030003020301021003100000030004000210004030403333003430313033133340000000003102004000230003030040022020000030031100031400033000033010
0102004103003304033001002002031000000430333234030002430000214000000040020310330001000340020003201444000003003003030303032100000000040300030013200300040304000040003030303030104243232020303003300300000103000300032010211020433003030000000010000000000000000000
2003010300002323210003120333230300000301020400300020304000303001004310010100343001010042000000043030003001000140000003400200020000100004001040010400300004003000130000023232320002323232323031200003004004000004003004004001010231104204201120200400020410020010
0000030202224442000000000004122002110240200003000040000001000030000013012000400031000300001004200400020120000012300000230000001420304302404030332020102030132010304102004300033300303001303001302334000240013300330032000024301330001040200233003030402020040000
2000000000332033300000003420110010104204001000300020042040000002020003300400230302000104002003000010020000000000000030000030003003003300000013340003400200031002300302420030002004100000013040301444030000022002020000002300000020200204000301000040200010300331
0000034100003302340000210004000030024200010000004000013000314030330003000010132020230303030030013000001240003044000030004103003423003300100020301000140004303300300201102040010010300003000030300000020123211310000303030303030331400020000400300200200100140033
0002300000000400000011000000120003004000210010030040000100201004000000010400300002000030010000202000032020002101204230002410210434000000041233000300043343000300000300400400000400300400400101020002040003204301020003103301010000100003100003000031000030000010
0202000113404000000000012340000001404430302321010131030111024003000010204240000303000000001030000000200003000400003000030001300001323040420000000200020002010432400130330104000000200100020103000000000000000001040400000200000003010410013000100121013101420003
0002000000000000000000000200000000203020013020410300002000310020040403030303020200040003010201010002000101000041004000000401040010030000000000000000000002000040100044300300210100000323010300200030301000000003020002000240004001003000110300010030030003012000
0002443321000000000000004433110000143030310022212014212343214320020100004010000403000040322000030000011002011102012103013103003011020000043300000000000214000000200131100000430000140000130000040020000100003000020042400203000004040200030020030010000000300400
0200230002000020330020202000202120000103001400312030343030340000001311100100101040040030120020020030100103020010003010301014022020111400000040021411101010200010311042042011202004000204100200100010000310000300003100003000001003010433222000000010004433321100
0000021223000003030312334303000020130002300004000100001300024000010001020000000003002004003003000402010000002020200000030200003000104200000224032343000203031030000000300400431030101013100004202311020000020100320030030000110001002000300030010003441120100000
3240100000022330000333032103300030004400313030200002000130100000030310310000410000003000300030000040101030003003320012000000004023011000102001343031200330013010040002002000000430020140003004002333100431000101000004003004000000000404334323313100300000100000
2311113340000102233030302032200000200003300230001000000003100200030120030030000101000301310130300404020232003000300010402011202020200001040010103030300020320400000200010030041000000400020040002002111000033200000410000032000010200000000000000000000000000000
0002000000000000000000000000000002002020000202000202020202021100000000000000000000011223123434002000202000020221433101022202210002020000010020244300030003000300000003020222444200000000000412200202000113404000000000012340000000000212230000030303123343030000
0000001200000000003330000000012000001233000000011230000000034000000002400000001304000001303000000202020000000244000000220003001100002440000023010001130100021201020204000002343030322030300140000002240000140300043003001300031000014203013410000103030003030220
0004400001000300400004300001430002033003024000410030043031130000000300003300033003014300140003240211000330001203001400034003230000100001300012000040002400030300022130020000303344300333330300330020000300020300330023000300000002320013001210000003430140032000
0012002400300310031403040002030302223033000000330140033001432000003000400030000001000000040001000242040303032103130333032300400201320100040014004002000202040020014132001000203230333000301001000000020020010012002003000000200100000000000110000040030030020014
2022000202200331201103030333000000000210022330202331202441200442201201410231003001210020030003002020010300200204003000040040102000003040102023001013232333333030021102402000030000400000010000300140443030232101013103011102400320130002300004000100001300024000
0000123300000001123000000003400022200000002000303424242424241222223220200201100000432000000021000310003000122001202320203024100003002020001201002000001001002000300233140000102000000103040000403230000003000203000000303030000010040010100100330100100300300031
2200100013022000400014000400030003100011240000010000300400300214132314303242000000000000000000001110301004330000000030021230003002002000022200011303310000300003300030300400010040001303003100000220200102021030000000204002040034043013040003030402030402320331
0400301002030030000100401003000031303110040014004002000200340000320430000202003303033303034000033000302234040000000001223403003000013044412120000000000000000000043000000210000032000043000000010402330002000403010300030003000002000030020000010400300100300102
0001100002003000000033110000041101000001021000001041000000042003003010000302000040200020000402001000100002000040201420042001200310110110020023000300130103100300000013012000400031000300001004200000102042400003030000000010300001000102000000000300200400300300
0000024000000013040000013030000022322020020110000043200000002100010000400000300400300300200200100020000001010000401000040100000030002400013000210003400230010001000030000000000000000000003000000004000010002000300040000200010000000030304010010203030400001020
0142030000040030020020010214003000003133400000022300000000144000042100000431000000310000012100000104000003003003001000000030040030021002020040402000030202003010300033000030000300003000233002101020000000000000000000000200000010041004100420041000200020001000
0002000030203000000002020300040000003000000100202010232030022034000011133000030011230300000030200441000000201000441000000200000302020030020000010400300102300104402034030100001000040200400010021000020000100002300011000320000313030000000010000000000004034232
0000400000033300420200420033310004000404230402030202010200010030000240000124000012000002000001200020000220002000001000010000103040402020000003020203030102000000040002012000001230000023000000140000200003000400003000030001300004020100000020202000000302000030
0202020000000244000000220003001103100030001220012023202030241000002000000101000040100004010000003440000002123000000012300000000330020002020300030003000410041003320030402000020000301003020000100000010240000000000132400000000303002200410030002000100000040033
4010030202400002000030000301004322202000000000000114440000000030000100300210030001000100300010012200300003003010040040100400000000000000020101313404000000000003010030000002002004100100300300324000020022030040000100200300300322211333204043000000000000000030
0000000003001000003003000004004300002002001002003004003003000033300000000200000000000000000000033100001034004004100003004004002030010030010010000010003000003001101000000000000000000000000000300323010310000103430003034302032000000400100330333010323033301004
0313020000330040000100040003100133030010030010034003003002002000100003310000030000003100000302003300002000020203101024012040300100000434222000010001004033331101203043024040303320201020301320100132304042000000020002000201043200104200000224032343000203031030
0000244000002301000113010002120103002020001201002000001001002000300024000130002100034002300100013002000202030003000300041004100301000302200040040001004102011002003200043100000100000400000420004000030000200002000010040240000303031303101341210303030342311100
0401020202000000000030404210202000000023000000030000001101312121000102040000000000010304020030401300100310331003001340000003134000320100104000103004003000002000001400203000040300300004033323200300420001004000410030001200300440010002102410430140040114031001
0002330000310004400000110000200002003023010020222120032400034023000431000000004313000300000430003030331320141401010303030341101012031201120112012231223124312231002010402000000101030300000022300000013300000000224402000201330010011020101320300100004103001001
0001034003030200010230001032003000002000200203303000303032200030000104000000304002030000001040001011011022002000000010010010003002003030033304343230300034303030304102004300033300303001303001304001303301040000002001000201030000000030040043103010101310000420
0202040000023430303220303001400030023314000010200000010304000040000030000000000000000000003000003200304020000200003010030200001000320004310000010000040000042000230043034002000400200020003000000340330132000000211301011021011000004300000014030000144000312330
0300300330000020200000121214041010202000000000100000300000300030000033213003021000200114011120202030000020000030000400000400003433013301200100010300001300200014000000100100401400100320023040300300000130000204101012200111003400010103030300102040300000310134
1300330130000010100000002413424202004020040200002014021040000432321133000030032313102313101000122000001010004011401000113000403200403000400020020020040040040002000001340000001340000001240000303303330204010013132313334313030000000000000000000004404422222003
0100020203004003004002001202001010030303020003003000304042320103004003010300040020000003010303100301040120400002001030101113011000000000200003000330130000002400233400024001330033003200002430130000000000000001040400000200000023110200000201003200300300001100
0002240000140300043003001300031032300000030002030000003030300000000400001000200030004000020001000000010240000000000132400000000340000300002000020000100402400003034033013200000021130101102101100000000000000000030003000100030030020010030020004003000004003002
0320030300300204103000001100020000003342400001300030301411300000400130003000010033014300210043020000004000010303001020400000040003031303004310000342000001311300200032003002013000300420304140200401000003040000010402000404020200300003000041000400000000000000
1401000013000100112003000320030022110020302020141110104032100401030102000300420003003400210033002233040000000100000011400000000000002301000000030040140000300300013140013010013020343020343030041011010010000100000002000000000003000300000330020020002001000400
0023330001000030030303132333030001003031000330031000210004400020201010000000000101010000000000003002301014003020000330000300004433130102400214003003040343030200300010402002330030304020200400000301041001300010012101310142000301002000300030010003441120100000
0001420301341000010303000303022010040010100100330100100300300031000000303040100102030304000010200300220041003000200010000004003303031303101341210303030342311100000043000000140300001440003123303002001003002000400300000400300203100001031013002010203020304033
0100330000020042301002100103310330100010112030000403100000004210000003200000000110000000204400033013301330303030030000004003003402030404010101020100320000033003310040143030340020002001002002301000023100000403100000422000004030003011034030000000012340000030
2000420200004002002400241020004434033010300020401000000000010131340000410300330300400200204030033000342030041100304330000100003300000000001012343400300000300003300020002000130012000200010001200204000023230303010303434303020100040030010300233034300041333013
0002020302040000002030400200000100100002021043310400300004003003010040040041002004000204100200402000302040201000310220020212202000430001410003032000032100000400200000000033203330000000342011000002000000000000000000000200000032401000000223300003330321033000
0004400001000300400004300001430022001000130220004000140004000300014203000004003002002001021400304010030202400002000030000301004304010202020000000000304042102020030030033000002020000012121404100320030300300204103000001100020001003300000200423010021001033103
0003230044000213043000410003000404410000002000004410000002000003200000000000003131000000000000420002000300000000000000021111232433020003012330000000120000000004002030034400000200002303032300334000200030004101400000013002400200421003001002001002031401030001
0010030200004110000100302000040024020421042322110201030103130000000102000010110000010200010043000022000310410403300103230300004003020103400020030002004000400010000041003300042100030000403003000042000000342100004203000004100013000000000300034324432100000000
0024010300020103000200000023303000301000230200004020302000340230231001200102020142100401004010034000000030000000100310300413004001003434303202300330003430133330101042040010003000200420400000020020302001302041030000200031002030004400313030200002000130100000
0203300302400041003004303113000003100011240000010000300400300214000031334000000223000000001440002220200000000000011444000000003000000023000000030000001101312121102020000000001000003000003000300000334240000130003030141130000030100010112030000403100000004210
0441000000200000441000000200000300203030003100044000031100332003021032003001003010003000130000132003000200040003000330010033003203010000030403310033000001031103004004004004000003000300203200000203322030001010010000412300100300104001040010400101001020300234
0000340330000010001002220400001000040000100010102030103040200030234110311310333003030303020434023403301030401000030332000043300030103000004020040200101000330103020030000200100200001002004010313304302001032301001300031300031000300200040010003332303400203103
3012000001000040200402000240100402300243034000000200100010003003130000000220000001130000000200002000404333111010000020002000100300042001010003300304030030000220020003300400230302000104002003000404030303030202000400030102010103031031000041000000300030003000
0003000033000330030143001400032413231430324200000000000000000000042100000431000000310000012100000001003002100300010001003000100100010204000000000001030402003040000033213003021000200114011120204001300030000100330143002100430200000320000000011000000020440003
2000000000000031310000000000004202103200300100301000300013000013001000000030020000400200120004004030404010101010000004040304040101020003400000400300100302200000200031003001313000240300343000000000000000000100000000000200101000000430000044000004300000430000
0102300310030022011003000000100320000010401021100323242002204000400002000020010400002304020043100020002000100104000400030002000113010003000132400000001014400000000023103000003000440000003000000000200020004200410000100010003043030010400100232301000030010000
0322400001021203024000010003100134000000211230000002010310002000202001041100030100310000300000102000102010400003230010000020300040010001030310030040010002030300001002000000000000003000003000300002000101000041004000000401040000401010300030033200120000000040
0211000330001203001400034003230011103010043300000000300212300030010400000300300300100000003004002200300003003010040040100400000013001003103310030013400000031340203000002000003000040000040000340000004000010303001020400000040030133013303030300300000040030034
0002000300000000000000021111232420030002000400030003300100330032403040401010101000000404030404010210000040003400030001200004000000010301030440200300000000420204010010020000000000410400010410300000000000010040000200004000010313000000320000002140000013300030
0130000041000004100000412000320000002040020404001030010303001000000203000330000013004003002031033000301030003003134424000000003012030000200010002000010031300203000030403040304030402010201020400010030403004303230003030003043010000000000004044210403000303003
4001001200300300300000020220020000033303020003323310000000404114000000001000300000000000010103021300203100202133212103222202410003020301021003100000030004000210030033000000133400034002000310021003000000000000000000000200004023011000102001343031200330013010
0010000130001200004000240003030002002000022200011303310000300003300210020200404020000302020030100000000002010131340400000000000300320100104000103004003000002000330133012001000103000013002000140303130300431000034200000131130002030404010101020100320000033003
3302000301233000000012000000000403010000030403310033000001031103010200034000004003001003022000000001030103044020030000000042020400000402030000031010300000010204000330000130000220000020000004000002000020003100000002000300033020020203402003000030000200230004
0002000300000000000000000000030020124020002000100120003003022042240000000300023000240002000303010012030130000013030210030230000004040103003020130100000002003020213120003000003001022430303000000100104100100100000000300400200204200200030304034304400402100020
0000031003300023002000430303004000030004200100010001030100120010001040002000100024000000040002000300030010004000000030002004003300403040333300343031303313334000300302420030002004100000013040301000443003002101000003230103002004000200200000043002014000300400
0221300200003033443003333303003330003030040001004000130300310000300033000030000300003000233002100100300000020020041001003003003200140020300004030030000403332320000000100100401400100320023040302000320030020130003004203041402031004014303034002000200100200230
0020300344000002000023030323003300400400400400000300030020320000200031003001313000240300343000000100100200000000004104000104103000033000013000022000002000000400030000313301034033340320303330214000302430000220000022002003000331003030330040013000000400200230
0002100030230030023003202300000230403110303032003041000030310030010033030330334223300302030030013204303031033010320403300102003000004400000024400001030000301303002000040020300200004002000030324103032030132323300302030303030000030000300200003000013020103204
2000010200140001400004000204000000010403020033400200000000104003000004332220000000000044333211000100040300000010030020042030240000000031020040002300030300400220144403000002200202000000230000000030301000000003020002000240004023331004310001010000040030040000
0020000300020300330023000300000002202001020210300000002040020400102000000000000000000000020000004000020022030040000100200300300303004200010040004100300012003004030000013000020410101220011100340401000003040000010402000404020210000231000004031000004220000040
4000200030004101400000013002400202033220300010100100004123001003000000000000010000000000020010100000000000010040000200004000010300020000200031000000020003000330400030243000022000002200200300030040000002020204040000000220204000443000000000021100000043310000
0032020304001002320402040040010020300320302321400320302302202220013340400000010000000023424003004020000402000140200003010000301004120000000330004110002002030000001420000400002000013000123000240000204000000304001030400201020303000000000344202303030000000434
0021220003124003000123000040402002010010240200000003010040340331200002003002003041000040000030041100000024411100200020412100003020000030031100031400033000033010202002040003010000402000103003310100300011030001003003000301200000000404334323313100300000100000
0232001300121000000343014003200034043013040003030402030402320331100410041004200410002000200010002221133320404300000000000000003040010002102410430140040114031001000101030303001020403000003101340030000300004100040000000000000030003011034030000000012340000030
0042100300100200100203140103000100104001040010400101001020300234000004300000440000043000004300001300000032000000214000001330003020020203402003000030000200230004310030303300400130000004002002300044300000000002110000004331000000010000140010034000240000230003
0402010040201004020100404010000000010030020040001003003000100230430003010300030003432232110030030400301032003100303030130004003140303020201010000000000000300002030003000300010002000200020003302303130003030303030303000303030001400100010014001400400300312002
2140000200000112000000000010204010001003040003400011000420010003400000011000000010030030040303400000202120202010002022221304240201020041030033040330010020020310000003410000330234000021000400000002443321000000000000004433110023111133400001022330303020322000
0012002400300310031403040002030304003010020300300001004010030000000200003020300000000202030004000000000003001000003003000004004300023300003100044000001100002000130033013000001010000000241342421401000013000100112003000320030020004202000040020024002410200044
0010030200004110000100302000040000003403300000100010022204000010010230031003002201100300000010030130000041000004100000412000320000020003000000000000000000000300000210003023003002300320230000020032020304001002320402040040010004020100402010040201004040100000
0201204201000201200202042400104000430040003004300400030043004000100000330000012200000041000001310134243223040300000000000000020220020012000024000013000014000013003430103040023040023010001200004040100000040404010000004030100003020000300302040030020000123002
0023030003000023202023200003312000000000210022244000000000300030201000122300001000001430420000003000024020000013240020013030003000000430333234030002430000214000300242000100000040000130003140300014303031002221201421234321432000200003300230001000000003100200
0222303300000033014003300143200031303110040014004002000200340000000030000001002020102320300220340000200200100200300400300300003302003023010020222120032400034023020040200402000020140210400004322211002030202014111010403210040134033010300020401000000000010131
2402042104232211020103010313000000040000100010102030103040200030200000104010211003232420022040000000204002040400103001030300100020124020002000100120003003022042304031103030320030410000303100302030032030232140032030230220222000010030020040001003003000100230
0043004000300430040003004300400000200033100300203023302032003020030323214300001012200321000330013000111034203001300021000030004230004440202040000041202043300044100000320000044100000022000004312303032000332303030043230204433000000000004332110000200000124100
0013030003030303024020041000030003000323020002340300411303300424100400003000010004000030004100033041001104004110110200300300220000004002031033000100034002000320330003000010132020230303030030010201000040100004030000403220000303012003003000010100030131013030
0030004000300000010000000400010032043000020200330303330303400003000011133000030011230300000030203000000002000000000000000000000300043100000000431300030000043000321133000030032313102313101000120301020003004200030034002100330034000041030033030040020020403003
0001020000101100000102000100430023411031131033300303030302043402400002000020010400002304020043100002030003300000130040030020310324000000030002300024000200030301010033030330334223300302030030010133404000000100000000234240030043000301030003000343223211003003
1000003300000122000000410000013103032321430000101220032100033001034000200400010400020040001000000010000100004000040030000300003000020303003030334343030303000203340230001000003034313030100020000200200300200100001000003003003004300130030302030203110311003000
0013130003033223030303400300000401004004204100200400020410000020104040004040303020201020301020103000400420100030230024004000003214440000030030030303030321000000300000124000304400003000410300340000011002011102012103013103003004040202320030003000104020112020
0242040303032103130333032300400230003022340400000000012234030030044100000020100044100000020000033100001034004004100003004004002030303313201414010103030303411010200000101000401140100011300040322233040000000100000011400000000030003420300411003043300001000033
0022000310410403300103230300004034033010304010000303320000433000002000200010010400040003000200013000301030003003134424000000003000120301300000130302100302300000320430303103301032040330010200304020000402000140200003010000301004003010320031003030301300040031
0134243223040300000000000000020230001110342030013000210000300042001000010000400004003000030000300000033103041000032002040000200300200002400014000300003000020004000000000000000000000000200000300213033203021303400303130430030240020400203002030010000122034023
0000021200031000031100042300042200030310102020003032404000000003001300023000040001000013000240000332402021213000201340202020210000040300030013200300040304000040230033001000203010001400043033001102000004330000000000021400000020200001040010103030300020320400
0132010004001400400200020204002000013044412120000000000000000000020200300200000104003001023001043001003001001000001000300000300112031201120112012231223124312231004030004000200200200400400400020000230100000003004014000030030000000000001012343400300000300003
0302010340002003000200400040001030103000004020040200101000330103130100030001324000000010144000001203000020001000200001003130020304040103003020130100000002003020000044000000244000010300003013030412000000033000411000200203000040303020201010000000000000300002
2002001200002400001300001400001330004440202040000041202043300044000203030030303343430303030002030020000240001400030000300002000400420300000320000000310000003310400103040010203001020300002030002000400020003000100020001400100023000000004112030303030234340000
0320032000410003000020000130410030040000140000100200100300400330200030004321203000003210300000430400021210000010000010404020104000303030303010424323202030300330300201102040010010300003000030302001311000004300001400001300000400020001003004100000040002004000
0141320010002032303330003010010004300000021000003200004300000001402034030100001000040200400010021010000000000000000000000000003000201040200000010103030000002230000001340000001340000001240000300131400130100130203430203430300430002000200013001200020001000120
0000410033000421000300004030030002003000020010020000100200401031000023103000003000440000003000000000304030403040304020102010204021312000300000300102243030300000002000040020300200004002000030320014200004000020000130001230002403000300030001000200020002000330
0034301030400230400230100012000010000032000004410000002200000431340230001000003034313030100020000000000000000000000000002000003040010304001020300102030000203000130030001000200130000003040000000344330000033302030403230303000000300040012000400100024001000003
0000000200100310030004024200200000043000040303020300110303220300000300200002001040010000400104000434000202030314240003030303040103000001030003000320102110204330000002012321131000030303030303030020000100003000020042400203000020021110000332000004100000320000
0000020020010012002003000000200104023300020004030103000300030000100002000010000230001100032000030323010310000103430003034302032000000133000000002244020002013300330333020401001313231333431303001011010010000100000002000000000002040000232303030103034343030201
0042000000342100004203000004100033043020010323010013000313000310000020002000420041000010001000300010030403004303230003030003043001001041001001000000003004002002410303203013232330030203030303000000204000000304001030400201020323031300030303030303030003030300
4040100000040404010000004030100023030320003323030300432302044330020020030020010000100000300300300213033203021303400303130430030220004000200030001000200014001000034433000003330203040323030300000000300000020000013300000330000000010300103000010000203000020000
0100030100101000104100000004200013413140023000303030403130403003040004020000000003002004003003000103304000301004003003002002001303030000000010000000000000000000314000200004003002002001001400330404020003002003001000000030040010200000000000000000000000000000
0000000000011000004003003002001402000030020000010400300100300102130300000000100000000000040342320000040010033033301032303330100410011020101320300100004103001001000000000000000000044044222220030300030000033002002000200100040000040030010300233034300041333013
1300000000030003432443210000000000300200040010003332303400203103430300104001002323010000300100001000000000000404421040300030300304200200030304034304400402100020000300003002000030000130201032040300000000034420230303000000043401400100010014001400400300312002
0302000030030204003002000012300200000000004332110000200000124100043001300303020302031103110030004002040020300203001000012203402323000000004112030303030234340000003000400120004001000240010000030001030010300001000020300002000003030300422413030303044220030300