0042000422003100030000310002000400401003004010200301002000030140443332234033321130202410343423432030402321001043232100304333040001340014000010000340012400023000002000110002032301004223031103420022110301402024030000100301403043334131243212334041422132103041
2042000200002040000300204031030020010014022021030434031003332300043000430204000041000110002000220030020200400303010230040233402031311021220020110110110000000001102003020103003041030410200302030214022340001300003000033200024000130343030310043300340300330030
0032000400400403000000030300100433033130041111030013100000330000002240040300103001020400224020400101000134020300032400012433023000200404000310030100310043000410004012020310140400401004442314213213221221100100000000000200000010004301000400333001040404033020
0034000340000230002244000440001200430332030200203024342441031020003301013323000303430200402011012343211013030303030303030300000300203043020400001020010301102030013403003300022000024400001000020440043400220043004312021200300440300201002013004000010020130240
0040100300401020030100200003014001340012200040030310012400323003431323312232121320212201121010240433004300040030410001100020300210202002230000334101041020200201003001020040043300000003013040040134000104000100012400012400023332132213211001303030303030300000
0220200200040202120113014302400000203041042420203040212324302000403004010220030040000100201302430024000044000024000024000024003014100000020000030000044433322214002004112030032130103022301300322013330302020204401000200001330103303300200431431003303002304044
0024400313400341330000330000020333011010200000003343111011300030012000230400011004000310042042031010104010000003030104244020403000200003120203030100100200201303012140003114400001340300032000302201100302004223311200000044033404100310130042003004200320321032
0010202342203300010400022203040100200140340030020140030020320044031223030312310303222243033233433200000020342310000000423223003003130400420020340044100100300313100020200020203020203030403030204020003000431304030303330443120003421430003042143030304214303003
4433322340333211302024103434234343132331223212132021220112101024313312222302201202111201010100003333333001111100001110000000000032132211211001000000000000000300232323111100001001010000000000032323112000100000000000000344023331201100000000100001044443322211
4220210000000000000303313313110102311100020000000141332211000000330110100000000033433110110000003221000000000004432111000000000031210000000004032311000000000103220110000000442331100000004403311110010100000222100000000122241113200000000433210101000032131000
3200000000342310000000423220000000200100013331010200033310100000221100000442110000044321100000440111010131311001004342100000042122110000033100000044100000000201422000043311000003320200000221001000000432100000432100000043210001100004120000002310000041200000
3100000431100003311000043110030442100033311000122000000113000044310000431000042121000042100004214010004230000423000002300000231021000002100000210000022000023200300030221000134000042110304320004200003100000310004200000421000434000331100031100041100044100044
2030402321001043232100304333040004330043000400304100011000203002333333300111110000111000000000000334000140000230002244000440001040301401202003031000210040132243003040000102040000102031020304002430002123200041202124302010213233011011000000104303412021100020
2004202000410200404222144102211210100130000100240100140040201220001020204020300021022002220324010410020011003000100410020040001010100000003331032000233330102003001234002000123400000012340000304303004102000300101240231030014030003010040034000304030402030233
2400102440212010030202021243200031000003011000033110100431200004201201204000001001203344200021001012001320240024200010100020002000142224212120400131301122002301010410412400300320300200200104403100033210003120004110001410214400000100402232342440100000000030
4000402244203310132022101242213430040201102004022100204020130230320410110204103042020010410120103000330020300003300001002310002103002020212020002020202020200000400024101240001200103410120000040001403212010343000204433312000002003020201030030400104040010403
0134001400001000034001240002300010202002230000334101041020200201321322112110010000000000000003004030140120200303100021004013224302210412033003410330034203330302002440001140001133000033000002001010104043000303010402042320233042112000000004304323101010041341
0222014014003302044001002302031403103130420023343020433433133340001234000000103403000312320003000000000000000302020000000003000310000000321000014322000100442101001330343303021233304330343300320300410303300100440003300410440003031130244212000003002431034000
0401030403004340401013000202040131003313403233400021403024433024400030024200230012002000030000400100004300002003010000400203104000020001040004001420112312234422140130201330033030001042343310202100430103100332030424004300040040002340042010040000320001220012
0204002123300303020013404001020000003030332004412432243100030000020130200100431004002302003002012003300423034303230333021300200430020021030020440301410000022000023232333330104040004040202003300004003414000300024422010000030301032001400312001400200200140030
0020001100020323010042230311034200300102004004330000000301304004232323111100001001010000000000030030400001020400001020310203040000244000114000113300003300000200013004023032300040322032233012321010004010014024004004012004013212100200200443100000004232200020
0010131200203003101010202023203000111000000000213000000102240000040043002001001003003000104104002002021400100030004002000340103000000344300004210000023000032310340400030000432020404030323201312310102102132230200030000000301133001040310010012320102123001030
0000340013000222314001240010000110103000003000031220312023100041000103401004040242100400004000030010020000000000000434043420332340020200103004310303403040000102200000400002200011440300203001042003330420003302220030041000200433013212010000014004004034324000
0000022320100302020342131003000031020302020302030304000400301030130003022244030011420303030210001003004034103200000000023023043004000100200120310003002401103100300422100040310000031100000410304000033230031313040200000303033024300220000001101133244000000003
0022110301402024030000100301403001340001040001000124000124000233232311200010000000000000034402332430002123200041202124302010213210101040430003030104020423202330101000401001402400400401200401320022440003114200030001300300003031010000303110000043421000000421
0002410310020040040002042003002014033030042323030231010201413020401200130224002400000010001000200000011123440104000000000124342320000441020021100032020032000222010030200301100001300040020110402004020040201003010030200102004040013400034400330102400104010144
0002000000000000000404043140334331001030420001110140042004110041020204040300330004010103002023400401400301002002401003003003004000020004000000340000033402002334000424122100200044133301010104031003003100100420020030031201003001004100420000014030413000410030
0202220020003000300300100014013034303030010122141400212003424110004120000412000041200004140000411040040031040121010301114204003040022000030301003020200004000030022131040004200130303400110001303333333222222444444430333143333303320201000320043100430000100031
4333413124321233404142213210304132132213211001303030303030300000312011000000001000010444433222113301101100000010430341202110002042112000000004304323101010041341121002002004431000000042322000203101000030311000004342100000042113010004321000004331000000432100
2200023331100000230303041403004441000002100000210000022000023200310000311000311000411000441000442000041000031000031000331000334010000410003120023403340303340003210043000010014210143110031001003311310002100410333230420043300430000000010022010100031003100320
4304400420003130200313021303000400033003300340310042103100020420430020430041013004103300210011041013303130103420320040031011003043041040001033301134004333133204204100203200410330300310401400322342141002030141030041023030330010400200400330202103302001103042
3342130010410000102134304040340020310200404033033010300100103002133102040010314100011131410430100020400332004030320134000041400230201002030300300010303333341010002030410203010304102030400001034012422040440002020303040010102010101010404030404040420202020303
2042000200002040000300204031030002202002000402021201130143024000422021000000000000030331331311012004202000410200404222144102211202220140140033020440010023020314001013120020300310101020202320300002410310020040040002042003002022000233311000002303030414030044
0000101332404000000000120232404000004001200140002300100004001200000402014020040201000040201302000401002001030000303104042023020220003300440000210041000210012001020230000040042304120111303300004000004000002200030403000234030202002300002013003301033302043003
0104010202030003030403040000130002004043031004333134003130200410000441000003410003000011000002113132000300011241440000000024214001020100010000000000020002000000033210230004013330002432313001202031020010400103031003010000330201140044200421034110021100441004
4434222100221300030003000000030003313004240000220000210000212020301002003012033002020304024023041232233320331344000400040104030004120200410020031002003102200310301130000222003034210130303331110001132440000000011402000200113200124004000210230010002400400120
2001001402202103043403100333230000203041042420203040212324302000023111000200000001413322110000001010013000010024010014004020122003103130420023343020433433133340001110000000002130000001022400001403303004232303023101020141302041000002100000210000022000023200
0000400120014000230010000400120024202040002000003133301021330030220000200200000000000000000000000401003010041010332320004022024022002020400132002100400042000200100030300000224400014300000220000202320200010404040000002010201030044131000004421110300033111030
0300330023032001300300240130010040110020310310410410210410320400344020300302000101323434300000004010001003030100302000000230001002314000130244030230300310000100313430120000030001400302003113301220300201000000203000030304101003204120000000004440323111300030
0214300002044023013010010010014034103210410020031002003100000340330212400302001133030303104340003000341203020201020001400033401022013033100002210000011000441000300230022002200014001300130003300002402003040013000103134401030000000000000000000000000000000003
0430004302040000410001100020002240300401022003004000010020130243330110100000000033433110110000000010202040203000210220022203240100123400000010340300031232000300040043002001001003003000104104004012001302240024000000100010002031000031100031100041100044100044
0004020140200402010000402013020022000020020000000000000000000000020200202030000304001040400104004000014000013300013300010200010200031003000310320043003200430421030000014003020014002002004400300000312100003031100000431410000300004040203020100014100303010303
4432000000000110113324400200000010313300104104001041040020220400004000040003400134001440034401140032000100033004310043000010003100320301001002012014034032000040111030000000000044433222003000201010101040403040404042020402030300022000000122330000022244400000
0212310420400010020030040030041000122004000200432030204400402140210004111000441002410304341003430303010030103401024000200003000000020000000000000000000002000000020434002041400304100030413003042400002400002300001342001440000223010004000210330041003000300420
0030020200400303010230040233402000240000440000240000240000240030322100000000000443211100000000000410020011003000100410020040001000000000000003020200000000030003200202140010003000400200034010300000011123440104000000000124342320000410000310000310003310003340
0401002001030000303104042023020204010030100410103323200040220240400001400001330001330001020001020000004334100000000043221000100300030001013003200100300021040000300030100030303030202020202020000200030001002300040124003001300434402040000000001200122333400020
0041000033000301000200003200003410302003031010420204002040420030002004013230020000100301002404042014000013300010240000130000130032110000020432210000000433043214041002004003004200300010430021300000000300020202020101010101010340020003401200030013401200230043
0000000124012233340034002000000320000310002010032000331000200033320404202200020404200002020400233400304032004010024040130040203340000133000102300001320000023003000000432210000000432110000000232301032404000002330013040323020000003030202300404040403333333303
3131102122002011011011000000000114100000020000030000044433322214312100000000040323110000000001031010000000333103200023333010200310000000321000014322000100442101000003443000042100000230000323102000044102002110003202003200022210000410003120023403340303340003
2000330044000021004100021001200122002020400132002100400042000200000310030003103200430032004304210003000101300320010030002104000020030022031040011043003102013100004104100203004103004102003003001000021020320400300300004201002013331102102011030213330002033000
0022400302001030020104002240400210303004010103022010204000300200101020304040400101020303010404100010202310303033102130402033402010020003040304030203020303000100140302240000010340302013033203220403030000303000040401000220100004031003202012000030330001044020
0303003014020040200200002003010003000023020120222010332100333321030140030040030043030320030023030200430410341013004302043304002002022200200030034004001403200200021013200240130002401300133021000100012000200020001202020202000214331023101000002000020001300020
1020030201030030410304102003020300200411203003213010302230130032220110000000442331100000004403310012340020001234000000123400003000133034330302123330433034330032340400030000432020404030323201310100302003011000013000400201104021004300001001421014311003100100
0202300000400423041201113033000010003030000022440001430000022000030000014003020014002002004400303000301000303030302020202020200000410410020300410300410200300300034223014220004110003110002110003223120424034442300130014011041001342002340011230004300034300210
4330320100130130241000201211303410103010404030004040220202320333011034311002000014200311411020123000000421000014000030431030002303004403042243330203001000102012400030011300110002300333004330311201334110020100201413003120011002020000102020100213030000003010
2303330030020043104100302040043000044223000000042210001004222030014033013042321313131420420000103340321032400110120003000203033000000010020201003020230302004030203001010000304203000010400304000333334000300011331213113313300032102100000000004323210000000003
0214022340001300003000033200024020133303020202044010002000013301111001010000022210000000012224114303004102000300101240231030014003004103033001004400033004104400231010210213223020003000000030112004020040201003010030200102004033113100021004103332304200433004
4000004000002200030403000234030202023202000104040400000020102010000031210000303110000043141000030200030001002300040124003001300410000210203204003003000042010020322312042403444230013001401104100020030100300400032002020130030104200030041002000420031004200410
0411420300103300000230000101224000004013340400340434323232330202310100030000002203004222010434100002000240013100240014000300024000040333000203003341030001100402000030003004002302243001413000300202302400400001032000002003034030030002003001200220010021042044
3001000002134400030004224000030020104010204020141213110102403010002310043110013203001300042003040120002340011100134000340002000203204303020300002030000203000010234140003000043422424030303000024014014001002101401403440100100001100104203400100200200400420200
0013034303031004330034030033003003303300200431431003303002304044132000000004332101010000321310003000301004003400030403040203023303031130244212000003002431034000330010403100100123201021230010304001340003440033010240010401014430000000010022010100031003100320
0200230000201300330103330204300330044131000004421110300033111030000040402030201000141003030103033440204000000000120012233340002013331102102011030213330002033000013420023400112300043000343002100420003004100200042003100420041043100131020033030010024000013002
3100020031010000113103003034100330130311310220401020240400030330000002000110102132122334104304030314302010403400102000010310202033000140031133000220300033033022400300033002303234300020032003300300220130020014003002002300200430044110303300000441000004330030
0030320003030300301030201403000002221343233324400003333444404420331000010104032030410203041040333033301041103001433030033000004104104100310030031002302004400103000200130030024003400300040010313403034203020110030223030234030004030040303000023030204000313103
0032000400400403000000030300100400244003134003413300003300000203320000000034231000000042322000002400102440212010030202021243200004010304030043404010130002020401000034001300022231400124001000010002000000000000000404043140334343044004200031302003130213030004
0104010202030003030403040000130003003300230320013003002401300100443200000000011011332440020000000041000033000301000200003200003400224003020010300201040022404002433032010013013024100020121130340411420300103300000230000101224031000200310100001131030030341003
0300430203100201004004102003002003030100301024010240002000030000000014000030010344002240022300110002004343321021000000000043043300001001002000300020420041004004000231433040400340202333230300400340020002400200124003400200030033220442440000000000030000030000
0031003100032103200042000200002130222013012222100020132022130203002401400300410300240000010243130003200300000114333303030322344410020030100043210000400000431000020040303100002000040030023400300000004000030340201304002014030043001134000424030013400013340002
3303313004111103001310000033000033011010200000003343111011300030002001000133310102000333101000003100000301100003311010043120000431003313403233400021403024433024101030000030000312203120231000413100103042000111014004200411004100033003300340310042103100020420
0200404303100433313400313020041040110020310310410410210410320400103133001041040010410400202204001030200303101042020400204042003010303004010103022010204000300200101030104040300040402202023203330000401334040034043432323233020230130311310220401020240400030330
0303010030102401024000200003000003210210140200402002030020310103140122443140143240240300000301333300100240140040024000030043002011014301020022320000000300013133013001400140022403300320011000440130322330024030200002002130002200340001140002240003300011200042
0113220031240030020000211340000101014340000002200000011134300030331241102324333003040132430030033000301202220233313310000003003000003000000000000000300000300003000000044440232301101000000000300300244210030303003234240303030000044110000003200330342210303001
0022400403001030010204002240204001200023040001100400031004204203221100000442110000044321100000442012012040000010012033442000210040003002420023001200200003000040000103401004040242100400004000030202040403003300040101030020234043002043004101300410330021001104
0004410000034100030000110000021134402030030200010132343430000000004000040003400134001440034401140020040132300200001003010024040410102030404040010102030301040410011034311002000014200311411020123101000300000022030042220104341000000200011010213212233410430403
0000140000300103440022400223001114012244314014324024030000030133000201010301020102030203010303002040001002002002043004002002103000432003031000422000031002023000433304130443332323243121431243430124000013400123400012300212300000140030140131240030010030024030
2012000203000401000204030201000224003001003011102010232022012420420004200042010420000110003103030000000000444043333222221111100024020021000002300001343402012400020100312014404401300300043040034040404010101110130304030200000003400304104402031300030020300300
0101000134020300032400012433023010101040100000030301042440204030011101013131100100434210000004211012001320240024200010100020002001000043000020030100004002031040001002000000000000043404342033230401400301002002401003003003004010133031301034203200400310110030
3132000300011241440000000024214040100010030301003020000002300010003200010003300431004300001000312014000013300010240000130000130000102023103030331021304020334020300000042100001400003043103000230002000240013100240014000300024003143020104034001020000103102020
0002004343321021000000000043043333001002401400400240000300430020204000100200200204300400200210304130040000001000000010011322433300410304004033100001402003003023042004300030004000400041000100320211400000014400000024402000334214000403000303010301010001400020
2400033100002100002100201100004340002400020000330003300114000120320202012310330144020004002040433000303140003000332201000000441304001300200140020014303000440033204003001003002040030030010400023322424341302242323323424241300400100300001003003003322030333243
0020040400031003010031004300041000200003120203030100100200201303221100000331000000441000000002010014222421212040013130112200230100020001040004001420112312234422400202001030043103034030400001020002000400000034000003340200233443041040001033301134004333133204
0102010001000000000002000200000002314000130244030230300310000100003203010010020120140340320000403211000002043221000000043304321410020003040304030203020303000100030044030422433302030010001020120004033300020300334103000110040233000140031133000220300033033022
0000100100200030002042004100400411014301020022320000000300013133004320030310004220000310020230000041030400403310000140200300302331131400030000034004222322001300100010302030203020302030204000400001233400400100001223400000030002013043030430000300300103034003
4002140301330003400022000234030430022023202330131023200322024021020020010000011000000400300203100000300300040003012000034221100201024023000302034333100404010030432341320102104001003030303000001000203000410102030204000210302003112244000402224303000341020000
0040120203101404004010044423142101214000311440000134030003200030422000043311000003320200000221000104104124003003203002002001044014013020133003303000104234331020200000400002200011440300203001040004241221002000441333010101040320410020320041033030031040140032
0332102300040133300024323130012031343012000003000140030200311330111030000000000044433222003000200410020040030042003000104300213014030224000001034030201303320322400030011300110002300333004330310000300030040023022430014130003040030003300230323430002003200330
0002314330404003402023332303004001300140014002240330032001100044433304130443332323243121431243430420043000300040004000410001003210001030203020302030203020400040032203334320030033100410303313230000400130211302322431041004000340002010222033103011004300242030
4002320430040040204023100002030243004010100330133130000003313031220033013330343201104302030030033021301401002300302103442103433010201000010203000040010203340013401401401301300300300300300300302304200323232333444342030303133410000432000021000432033021303043
3213221221100100000000000200000022011003020042233112000000440334100000043210000043210000004321003100033210003120004110001410214421004301031003320304240043000400200333042000330222003004100020041003003100100420020030031201003023421410020301410300410230303300
2031020010400103031003010000330212203002010000002030000303041010101010104040304040404202040203030000000300020202020101010101010304030300003030000404010002201000120133411002010020141300312001100202302400400001032000002003034003002201300200140030020023002004
0340020002400200124003400200030001303223300240302000020021300022012400001340012340001230021230000211400000014400000024402000334200012334004001000012234000000300000040013021130232243104100400030000000000000000403440344222312200000432132100000000044320210000
0001411300000322020201421000000320043020034121032120002002001341044100030000220003100022004413000430001004210030002004210040002000220203310010020033003001100200031140033031013030033010033020010304003001000140020400200402002004040400203300040202032031000104
1000430100040033300104040403302004100310130042003004200320321032011000041200000023100000412000000000010040223234244010000000003040002340042010040000320001220012330132120100000140040040343240000100410042000001403041300041003010400200400330202103302001103042
0114004420042103411002110044100403204120000000004440323111300030000220000001223300000222444000004002000340120003001340120023004304031003202012000030330001044020020200001020201002130300000030103003000200300120022001002104204430044110303300000441000004330030
3322044244000000000003000003000000340001140002240003300011200042001400301401312400300100300240301400040300030301030101000140002002013043030430000300300103034003400020102220331030110043002420300000043213210000000004432021000043000000112200000000133440000000
0240030001400020013000242130002440101401014010140101300013000010032023414342000302040220303020433200221040034043302034100000203331000403100043200040420000220003000000000000000000000000000000302303103403042143043203002143032402002002400300400200300040333040
0034000340000230002244000440001200102023422033000104000222030401310000043110000331100004311003044000402244203310132022101242213402040021233003030200134040010200000002232010030202034213100300000202220020003000300300100014013033421300104100001021343040403400
4434222100221300030003000000030002143000020440230130100100100140021231042040001002003004003004100000000124012233340034002000000303030030140200402002000020030100230333003002004310410030204004303001000002134400030004224000030000303200030303003010302014030000
0031003100032103200042000200002101132200312400300200002113400001201200020300040100020403020100022400033100002100002100201100004340021403013300034000220002340304400232043004004020402310000203020001411300000322020201421000000302400300014000200130002421300024
0231410400022241010100120000030442120000000000042321200100000000401400140130040004003003000303300302134000003003001042000030000200020003000000000000000000000000043120143140143000003300303000301003003004100300200400020030030021440000000300001123423440020000
0043033203020020302434244103102000200140340030020140030020320044421000333110001220000001130000443004020110200402210020402013023000003030332004412432243100030000310203020203020303040004003010303430303001012214140021200342411020310200404033033010300100103002
0331300424000022000021000021202034103210410020031002003100000340001220040002004320302044004021402000031000201003200033100020003303000023020120222010332100333321000442230000000422100010042220302010401020402014121311010240301002221343233324400003333444404420
3022201301222210002013202213020301014340000002200000011134300030240030010030111020102320220124204000240002000033000330011400012030022023202330131023200322024021430040101003301331300000033130312004302003412103212000200200134140101401014010140101300013000010
4212000000000004232120010000000010300030000004242424232300032222030103412042324413000300000030003203302010003200301021000300002010000143202032340020431002303403000200100310300420410030020041042443031024432312032223410202000004400002000310003000111002003400
0033010133230003034302004020110103122303031231030322224303323343310000431000042121000042100004213204101102041030420200104101201002013020010043100400230200300201130003022244030011420303030210000041200004120000412000041400004113310204001031410001113141043010
3010020030120330020203040240230433021240030200113303030310434000210004111000441002410304341003433204042022000204042000020204002303014003004003004303032003002303014033013042321313131420420000100023100431100132030013000420030433100001010403203041020304104033
0024014003004103002400000102431333124110232433300304013243003003420004200042010420000110003103033202020123103301440200040020404302002001000001100000040030020310220033013330343201104302030030030441000300002200031000220044130003202341434200030204022030302043
4014001401300400040030030003033003010341204232441300030000003000230030004410002100320043000443000201020403040000201020403040010213020103240020044304031203400030134020003030303030303030303101110421004100420103100410043000310013101010403330433333030300020102
2343211013030303030303030300000332000000203423100000004232230030401000423000042300000230000023103000330020300003300001002310002120033004230343032303330213002004100300403410320000000002302304301040040031040121010301114204003000204003320040303201340000414002
1232233320331344000400040104030030003412030202010200014000334010030301003010340102400020000300003400304032004010024040130040203302004304103410130043020433040020334032103240011012000300020303300120002340011100134000340002000230333010411030014330300330000041
0003200300000114333303030322344430003012022202333133100000030030000000000044404333322222111110003000303140003000332201000000441300003003000400030120000342211002302130140100230030210344210343300430001004210030002004210040002032002210400340433020341000002033
0302134000003003001042000030000232033020100032003010210003000020020102040304000020102040304001020300034143304320231013000000040300202004040200003014140200004013003004003000030040040300001401200312033001032304430103230200120030014002000300214003200320233001
0020304302040000102001030110203003130400420020340044100100300313210000021000002100000220000232000300202021202000202020202020000030020021030020440301410000022000040001002001203100030024011031004002200003030100302020000400003030201002030300300010303333341010
0412020041002003100200310220031022013033100002210000011000441000000200000000000000000000020000004000013300010230000132000002300302022200200030034004001403200200000000100202010030202303020040300320430302030000203000020300001004104100310030031002302004400103
1002003010004321000040000043100000003000000000000000300000300003240200210000023000013434020124000400130020014002001430300044003301024023000302034333100404010030102010000102030000400102033400130022020331001002003300300110020031000403100043200040420000220003
0002000300000000000000000000000010000143202032340020431002303403130201032400200443040312034000300020200404020000301414020000401320302301010304001020000003040310032001003000200100400020040033003100003110000310000331000031100003000000000300030303030303030000
0134030033000220000244000010000210002020002020302020303040303020300030221000134000042110304320004000241012400012001034101200000402323233333010404000404020200330300422100040310000031100000410300221310400042001303034001100013000203041020301030410203040000103
3011300002220030342101303033311130023002200220001400130013000330020434002041400304100030413003040000004322100000004321100000002302101320024013000240130013302100203001010000304203000010400304002341400030000434224240303030000200020013003002400340030004001031
0200403031000020000400300234003000000004444023230110100000000030020100312014404401300300043040032040030010030020400300300104000243234132010210400100303030300000401401401301300300300300300300300311400330310130300330100330200100000000000000000000000000000030
0431201431401430000033003030003000020010031030042041003002004104134020003030303030303030303101110030040030000300400403000014012003200100300020010040002004003300000030111330140000000000011133220200333013020003330003033012020020040003104300210032001004100203
0440043400220043004312021200300440200030004313040303033304431200420000310000031000420000042100040001403212010343000204433312000000040034140003000244220100000303400003323003131304020000030303303333333222222444444430333143333340124220404400020203030400101020
0001132440000000011402000200113200024020030400130001031344010300240000240000230000134200144000022301032404000002330013040323020001000120002000200012020202020002033333400030001133121311331330004014014001002101401403440100100034030342030201100302230302340300
0000004000030340201304002014030003002442100303030032342403030300404040401010111013030403020000003322424341302242323323424241300410002030004101020302040002103020230420032323233344434203030313340304003001000140020400200402002023031034030421430432030021430324
1003003004100300200400020030030024430310244323120322234102020000042100410042010310041004300031000312033001032304430103230200120031000031100003100003310000311000020033301302000333000303301202000000033230000000000023220000000440403030202020000004040400000040
4030020100201300400001002013024003421430003042143030304214303003340003311000311000411000441000440200302020103003040010404001040301032001400312001400200200140030243002200000011011332440000000030332020100032004310043000010003110101010404030404040420202020303
0012400400021023001000240040012000000000000000000000000000000003230100040002103300410030003004200000303020230040404040333333330314331023101000002000020001300020321021000000000043232100000000030110010420340010020020040042020004030040303000023030204000313103
4300113400042403001340001334000200044110000003200330342210303001034003041044020313000300203003000010030000100300300332203033324303112244000402224303000341020000100004320000210004320330213030430404040020330004020203203100010402002002400300400200300040333040
2144000000030000112342344002000004400002000310003000111002003400131010104033304333330303000201023001400200030021400320032023300103000000000300030303030303030000200400031043002100320010041002034040303020202000000404040000004003430313030303032103034000210303